2 5.47495e-65
3 1.09499e-64
4 1.82497e-64
5 2.73744e-64
6 3.8324e-64
7 5.10983e-64
8 6.56973e-64
9 8.21209e-64
10 1.00369e-63
11 1.20441e-63
12 1.42338e-63
13 1.66059e-63
14 1.91604e-63
15 2.18973e-63
16 2.48165e-63
17 2.79182e-63
18 3.12021e-63
19 3.46684e-63
20 3.83169e-63
21 4.21477e-63
22 4.61608e-63
23 5.03561e-63
24 5.47337e-63
25 5.92934e-63
26 6.40352e-63
27 6.89592e-63
28 7.40653e-63
29 7.93535e-63
30 8.48237e-63
31 9.04759e-63
32 9.63101e-63
33 1.02326e-62
34 1.08524e-62
35 1.14904e-62
36 1.21466e-62
37 1.2821e-62
38 1.35135e-62
39 1.42242e-62
40 1.49531e-62
41 1.57001e-62
42 1.64653e-62
43 1.72487e-62
44 1.80502e-62
45 1.88699e-62
46 1.97077e-62
47 2.05636e-62
48 2.14377e-62
49 2.23299e-62
50 2.32403e-62
51 2.41687e-62
52 2.51153e-62
53 2.608e-62
54 2.70628e-62
55 2.80636e-62
56 2.90826e-62
57 3.01197e-62
58 3.11749e-62
59 3.22481e-62
60 3.33394e-62
61 3.44488e-62
62 3.55762e-62
63 3.67217e-62
64 3.78852e-62
65 3.90668e-62
66 4.02664e-62
67 4.14841e-62
68 4.27198e-62
69 4.39735e-62
70 4.52452e-62
71 4.65349e-62
72 4.78426e-62
73 4.91683e-62
74 5.0512e-62
75 5.18737e-62
76 5.32533e-62
77 5.46509e-62
78 5.60665e-62
79 5.75e-62
80 5.89515e-62
81 6.04209e-62
82 6.19082e-62
83 6.34135e-62
84 6.49366e-62
85 6.64777e-62
86 6.80367e-62
87 6.96136e-62
88 7.12083e-62
89 7.28209e-62
90 7.44514e-62
91 7.60998e-62
92 7.7766e-62
93 7.94501e-62
94 8.1152e-62
95 8.28717e-62
96 8.46093e-62
97 8.63647e-62
98 8.81378e-62
99 8.99288e-62
100 9.17376e-62
101 9.35641e-62
102 9.54084e-62
103 9.72705e-62
104 9.91503e-62
105 1.01048e-61
106 1.02963e-61
107 1.04896e-61
108 1.06847e-61
109 1.08815e-61
110 1.10802e-61
111 1.12805e-61
112 1.14827e-61
113 1.16866e-61
114 1.18923e-61
115 1.20998e-61
116 1.2309e-61
117 1.252e-61
118 1.27327e-61
119 1.29472e-61
120 1.31635e-61
121 1.33815e-61
122 1.36013e-61
123 1.38228e-61
124 1.40461e-61
125 1.42712e-61
126 1.4498e-61
127 1.47266e-61
128 1.49569e-61
129 1.5189e-61
130 1.54228e-61
131 1.56584e-61
132 1.58957e-61
133 1.61347e-61
134 1.63756e-61
135 1.66181e-61
136 1.68624e-61
137 1.71085e-61
138 1.73563e-61
139 1.76058e-61
140 1.78571e-61
141 1.81101e-61
142 1.83648e-61
143 1.86213e-61
144 1.88795e-61
145 1.91395e-61
146 1.94012e-61
147 1.96646e-61
148 1.99298e-61
149 2.01967e-61
150 2.04653e-61
151 2.07356e-61
152 2.10077e-61
153 2.12815e-61
154 2.1557e-61
155 2.18343e-61
156 2.21132e-61
157 2.23939e-61
158 2.26763e-61
159 2.29605e-61
160 2.32463e-61
161 2.35339e-61
162 2.38232e-61
163 2.41142e-61
164 2.44069e-61
165 2.47013e-61
166 2.49974e-61
167 2.52953e-61
168 2.55948e-61
169 2.58961e-61
170 2.6199e-61
171 2.65037e-61
172 2.68101e-61
173 2.71181e-61
174 2.74279e-61
175 2.77394e-61
176 2.80526e-61
177 2.83674e-61
178 2.8684e-61
179 2.90023e-61
180 2.93222e-61
181 2.96438e-61
182 2.99672e-61
183 3.02922e-61
184 3.06189e-61
185 3.09473e-61
186 3.12774e-61
187 3.16092e-61
188 3.19426e-61
189 3.22778e-61
190 3.26146e-61
191 3.29531e-61
192 3.32933e-61
193 3.36351e-61
194 3.39786e-61
195 3.43238e-61
196 3.46707e-61
197 3.50192e-61
198 3.53694e-61
199 3.57213e-61
200 3.60749e-61
201 3.64301e-61
202 3.67869e-61
203 3.71455e-61
204 3.75057e-61
205 3.78675e-61
206 3.8231e-61
207 3.85962e-61
208 3.8963e-61
209 3.93315e-61
210 3.97016e-61
211 4.00734e-61
212 4.04469e-61
213 4.08219e-61
214 4.11987e-61
215 4.1577e-61
216 4.19571e-61
217 4.23387e-61
218 4.2722e-61
219 4.3107e-61
220 4.34935e-61
221 4.38817e-61
222 4.42716e-61
223 4.46631e-61
224 4.50562e-61
225 4.54509e-61
226 4.58473e-61
227 4.62453e-61
228 4.66449e-61
229 4.70462e-61
230 4.7449e-61
231 4.78535e-61
232 4.82596e-61
233 4.86673e-61
234 4.90767e-61
235 4.94876e-61
236 4.99002e-61
237 5.03144e-61
238 5.07302e-61
239 5.11476e-61
240 5.15666e-61
241 5.19872e-61
242 5.24094e-61
243 5.28332e-61
244 5.32586e-61
245 5.36856e-61
246 5.41142e-61
247 5.45444e-61
248 5.49762e-61
249 5.54096e-61
250 5.58446e-61
251 5.62812e-61
252 5.67193e-61
253 5.7159e-61
254 5.76004e-61
255 5.80433e-61
256 5.84877e-61
257 5.89338e-61
258 5.93814e-61
259 5.98306e-61
260 6.02814e-61
261 6.07337e-61
262 6.11877e-61
263 6.16431e-61
264 6.21002e-61
265 6.25588e-61
266 6.3019e-61
267 6.34807e-61
268 6.3944e-61
269 6.44089e-61
270 6.48753e-61
271 6.53432e-61
272 6.58127e-61
273 6.62838e-61
274 6.67564e-61
275 6.72305e-61
276 6.77062e-61
277 6.81834e-61
278 6.86622e-61
279 6.91425e-61
280 6.96244e-61
281 7.01077e-61
282 7.05927e-61
283 7.10791e-61
284 7.15671e-61
285 7.20566e-61
286 7.25476e-61
287 7.30401e-61
288 7.35342e-61
289 7.40297e-61
290 7.45268e-61
291 7.50255e-61
292 7.55256e-61
293 7.60272e-61
294 7.65303e-61
295 7.7035e-61
296 7.75411e-61
297 7.80488e-61
298 7.85579e-61
299 7.90686e-61
300 7.95807e-61
301 8.00944e-61
302 8.06095e-61
303 8.11261e-61
304 8.16443e-61
305 8.21638e-61
306 8.26849e-61
307 8.32075e-61
308 8.37315e-61
309 8.4257e-61
310 8.4784e-61
311 8.53125e-61
312 8.58424e-61
313 8.63739e-61
314 8.69067e-61
315 8.74411e-61
316 8.79769e-61
317 8.85141e-61
318 8.90528e-61
319 8.9593e-61
320 9.01346e-61
321 9.06777e-61
322 9.12222e-61
323 9.17682e-61
324 9.23156e-61
325 9.28645e-61
326 9.34148e-61
327 9.39665e-61
328 9.45197e-61
329 9.50743e-61
330 9.56303e-61
331 9.61877e-61
332 9.67466e-61
333 9.73069e-61
334 9.78687e-61
335 9.84318e-61
336 9.89964e-61
337 9.95623e-61
338 1.0013e-60
339 1.00699e-60
340 1.01269e-60
341 1.0184e-60
342 1.02413e-60
343 1.02988e-60
344 1.03564e-60
345 1.04141e-60
346 1.04719e-60
347 1.05299e-60
348 1.05881e-60
349 1.06463e-60
350 1.07048e-60
351 1.07633e-60
352 1.0822e-60
353 1.08808e-60
354 1.09398e-60
355 1.09989e-60
356 1.10581e-60
357 1.11175e-60
358 1.1177e-60
359 1.12367e-60
360 1.12964e-60
361 1.13564e-60
362 1.14164e-60
363 1.14766e-60
364 1.15369e-60
365 1.15974e-60
366 1.1658e-60
367 1.17187e-60
368 1.17796e-60
369 1.18405e-60
370 1.19017e-60
371 1.19629e-60
372 1.20243e-60
373 1.20858e-60
374 1.21475e-60
375 1.22093e-60
376 1.22712e-60
377 1.23332e-60
378 1.23954e-60
379 1.24577e-60
380 1.25202e-60
381 1.25827e-60
382 1.26454e-60
383 1.27082e-60
384 1.27712e-60
385 1.28343e-60
386 1.28975e-60
387 1.29608e-60
388 1.30243e-60
389 1.30879e-60
390 1.31516e-60
391 1.32155e-60
392 1.32794e-60
393 1.33435e-60
394 1.34078e-60
395 1.34721e-60
396 1.35366e-60
397 1.36012e-60
398 1.36659e-60
399 1.37308e-60
400 1.37958e-60
401 1.38609e-60
402 1.39261e-60
403 1.39914e-60
404 1.40569e-60
405 1.41225e-60
406 1.41882e-60
407 1.42541e-60
408 1.432e-60
409 1.43861e-60
410 1.44523e-60
411 1.45186e-60
412 1.45851e-60
413 1.46516e-60
414 1.47183e-60
415 1.47851e-60
416 1.4852e-60
417 1.4919e-60
418 1.49862e-60
419 1.50535e-60
420 1.51209e-60
421 1.51884e-60
422 1.5256e-60
423 1.53237e-60
424 1.53916e-60
425 1.54596e-60
426 1.55276e-60
427 1.55958e-60
428 1.56642e-60
429 1.57326e-60
430 1.58011e-60
431 1.58698e-60
432 1.59386e-60
433 1.60074e-60
434 1.60764e-60
435 1.61455e-60
436 1.62148e-60
437 1.62841e-60
438 1.63535e-60
439 1.64231e-60
440 1.64927e-60
441 1.65625e-60
442 1.66324e-60
443 1.67024e-60
444 1.67725e-60
445 1.68427e-60
446 1.6913e-60
447 1.69834e-60
448 1.70539e-60
449 1.71245e-60
450 1.71953e-60
451 1.72661e-60
452 1.73371e-60
453 1.74081e-60
454 1.74793e-60
455 1.75505e-60
456 1.76219e-60
457 1.76934e-60
458 1.7765e-60
459 1.78366e-60
460 1.79084e-60
461 1.79803e-60
462 1.80523e-60
463 1.81243e-60
464 1.81965e-60
465 1.82688e-60
466 1.83412e-60
467 1.84136e-60
468 1.84862e-60
469 1.85589e-60
470 1.86317e-60
471 1.87045e-60
472 1.87775e-60
473 1.88505e-60
474 1.89237e-60
475 1.89969e-60
476 1.90703e-60
477 1.91437e-60
478 1.92173e-60
479 1.92909e-60
480 1.93646e-60
481 1.94384e-60
482 1.95123e-60
483 1.95863e-60
484 1.96604e-60
485 1.97346e-60
486 1.98089e-60
487 1.98832e-60
488 1.99577e-60
489 2.00322e-60
490 2.01068e-60
491 2.01815e-60
492 2.02563e-60
493 2.03312e-60
494 2.04062e-60
495 2.04812e-60
496 2.05564e-60
497 2.06316e-60
498 2.07069e-60
499 2.07823e-60
500 2.08578e-60
501 2.09333e-60
502 2.1009e-60
503 2.10847e-60
504 2.11605e-60
505 2.12364e-60
506 2.13124e-60
507 2.13884e-60
508 2.14645e-60
509 2.15407e-60
510 2.1617e-60
511 2.16934e-60
512 2.17698e-60
513 2.18463e-60
514 2.19229e-60
515 2.19996e-60
516 2.20763e-60
517 2.21532e-60
518 2.22301e-60
519 2.2307e-60
520 2.23841e-60
521 2.24612e-60
522 2.25384e-60
523 2.26156e-60
524 2.2693e-60
525 2.27704e-60
526 2.28478e-60
527 2.29254e-60
528 2.3003e-60
529 2.30807e-60
530 2.31584e-60
531 2.32362e-60
532 2.33141e-60
533 2.33921e-60
534 2.34701e-60
535 2.35481e-60
536 2.36263e-60
537 2.37045e-60
538 2.37828e-60
539 2.38611e-60
540 2.39395e-60
541 2.4018e-60
542 2.40965e-60
543 2.41751e-60
544 2.42538e-60
545 2.43325e-60
546 2.44112e-60
547 2.44901e-60
548 2.4569e-60
549 2.46479e-60
550 2.47269e-60
551 2.4806e-60
552 2.48851e-60
553 2.49643e-60
554 2.50435e-60
555 2.51228e-60
556 2.52021e-60
557 2.52815e-60
558 2.5361e-60
559 2.54405e-60
560 2.552e-60
561 2.55996e-60
562 2.56793e-60
563 2.5759e-60
564 2.58388e-60
565 2.59186e-60
566 2.59985e-60
567 2.60784e-60
568 2.61583e-60
569 2.62384e-60
570 2.63184e-60
571 2.63985e-60
572 2.64787e-60
573 2.65589e-60
574 2.66392e-60
575 2.67195e-60
576 2.67998e-60
577 2.68802e-60
578 2.69606e-60
579 2.70411e-60
580 2.71217e-60
581 2.72022e-60
582 2.72828e-60
583 2.73635e-60
584 2.74442e-60
585 2.75249e-60
586 2.76057e-60
587 2.76866e-60
588 2.77674e-60
589 2.78483e-60
590 2.79293e-60
591 2.80103e-60
592 2.80913e-60
593 2.81724e-60
594 2.82535e-60
595 2.83346e-60
596 2.84158e-60
597 2.8497e-60
598 2.85783e-60
599 2.86595e-60
600 2.87409e-60
601 2.88222e-60
602 2.89036e-60
603 2.89851e-60
604 2.90665e-60
605 2.9148e-60
606 2.92296e-60
607 2.93111e-60
608 2.93927e-60
609 2.94743e-60
610 2.9556e-60
611 2.96377e-60
612 2.97194e-60
613 2.98012e-60
614 2.9883e-60
615 2.99648e-60
616 3.00467e-60
617 3.01285e-60
618 3.02105e-60
619 3.02924e-60
620 3.03744e-60
621 3.04564e-60
622 3.05384e-60
623 3.06205e-60
624 3.07026e-60
625 3.07847e-60
626 3.08668e-60
627 3.0949e-60
628 3.10312e-60
629 3.11135e-60
630 3.11957e-60
631 3.1278e-60
632 3.13603e-60
633 3.14427e-60
634 3.1525e-60
635 3.16074e-60
636 3.16898e-60
637 3.17723e-60
638 3.18547e-60
639 3.19372e-60
640 3.20198e-60
641 3.21023e-60
642 3.21849e-60
643 3.22675e-60
644 3.23501e-60
645 3.24327e-60
646 3.25154e-60
647 3.25981e-60
648 3.26808e-60
649 3.27635e-60
650 3.28463e-60
651 3.29291e-60
652 3.30119e-60
653 3.30947e-60
654 3.31776e-60
655 3.32604e-60
656 3.33433e-60
657 3.34263e-60
658 3.35092e-60
659 3.35921e-60
660 3.36751e-60
661 3.37581e-60
662 3.38412e-60
663 3.39242e-60
664 3.40073e-60
665 3.40904e-60
666 3.41735e-60
667 3.42566e-60
668 3.43397e-60
669 3.44229e-60
670 3.45061e-60
671 3.45893e-60
672 3.46725e-60
673 3.47558e-60
674 3.4839e-60
675 3.49223e-60
676 3.50056e-60
677 3.50889e-60
678 3.51723e-60
679 3.52556e-60
680 3.5339e-60
681 3.54224e-60
682 3.55058e-60
683 3.55893e-60
684 3.56727e-60
685 3.57562e-60
686 3.58397e-60
687 3.59232e-60
688 3.60067e-60
689 3.60903e-60
690 3.61738e-60
691 3.62574e-60
692 3.6341e-60
693 3.64246e-60
694 3.65083e-60
695 3.65919e-60
696 3.66756e-60
697 3.67593e-60
698 3.6843e-60
699 3.69267e-60
700 3.70104e-60
701 3.70942e-60
702 3.7178e-60
703 3.72618e-60
704 3.73456e-60
705 3.74294e-60
706 3.75132e-60
707 3.75971e-60
708 3.7681e-60
709 3.77648e-60
710 3.78487e-60
711 3.79327e-60
712 3.80166e-60
713 3.81005e-60
714 3.81845e-60
715 3.82685e-60
716 3.83524e-60
717 3.84364e-60
718 3.85204e-60
719 3.86045e-60
720 3.86885e-60
721 3.87726e-60
722 3.88566e-60
723 3.89407e-60
724 3.90248e-60
725 3.91089e-60
726 3.9193e-60
727 3.92771e-60
728 3.93612e-60
729 3.94453e-60
730 3.95295e-60
731 3.96136e-60
732 3.96978e-60
733 3.97819e-60
734 3.98661e-60
735 3.99503e-60
736 4.00345e-60
737 4.01187e-60
738 4.02029e-60
739 4.02871e-60
740 4.03714e-60
741 4.04556e-60
742 4.05398e-60
743 4.06241e-60
744 4.07083e-60
745 4.07926e-60
746 4.08768e-60
747 4.09611e-60
748 4.10454e-60
749 4.11296e-60
750 4.12139e-60
751 4.12982e-60
752 4.13825e-60
753 4.14668e-60
754 4.15511e-60
755 4.16354e-60
756 4.17197e-60
757 4.1804e-60
758 4.18882e-60
759 4.19725e-60
760 4.20568e-60
761 4.21411e-60
762 4.22254e-60
763 4.23097e-60
764 4.2394e-60
765 4.24782e-60
766 4.25625e-60
767 4.26468e-60
768 4.2731e-60
769 4.28152e-60
770 4.28995e-60
771 4.29837e-60
772 4.30679e-60
773 4.31521e-60
774 4.32363e-60
775 4.33205e-60
776 4.34046e-60
777 4.34888e-60
778 4.35729e-60
779 4.3657e-60
780 4.37411e-60
781 4.38252e-60
782 4.39093e-60
783 4.39933e-60
784 4.40773e-60
785 4.41613e-60
786 4.42453e-60
787 4.43293e-60
788 4.44132e-60
789 4.44971e-60
790 4.4581e-60
791 4.46649e-60
792 4.47487e-60
793 4.48325e-60
794 4.49163e-60
795 4.50001e-60
796 4.50838e-60
797 4.51675e-60
798 4.52511e-60
799 4.53347e-60
800 4.54183e-60
801 4.55019e-60
802 4.55854e-60
803 4.56689e-60
804 4.57524e-60
805 4.58358e-60
806 4.59191e-60
807 4.60025e-60
808 4.60858e-60
809 4.6169e-60
810 4.62522e-60
811 4.63354e-60
812 4.64185e-60
813 4.65015e-60
814 4.65846e-60
815 4.66675e-60
816 4.67504e-60
817 4.68333e-60
818 4.69161e-60
819 4.69989e-60
820 4.70815e-60
821 4.71642e-60
822 4.72468e-60
823 4.73293e-60
824 4.74117e-60
825 4.74941e-60
826 4.75765e-60
827 4.76587e-60
828 4.77409e-60
829 4.78231e-60
830 4.79051e-60
831 4.79871e-60
832 4.80691e-60
833 4.81509e-60
834 4.82327e-60
835 4.83144e-60
836 4.8396e-60
837 4.84776e-60
838 4.8559e-60
839 4.86404e-60
840 4.87217e-60
841 4.88029e-60
842 4.88841e-60
843 4.89651e-60
844 4.90461e-60
845 4.9127e-60
846 4.92078e-60
847 4.92884e-60
848 4.9369e-60
849 4.94495e-60
850 4.953e-60
851 4.96103e-60
852 4.96905e-60
853 4.97706e-60
854 4.98506e-60
855 4.99305e-60
856 5.00103e-60
857 5.009e-60
858 5.01696e-60
859 5.02491e-60
860 5.03285e-60
861 5.04078e-60
862 5.0487e-60
863 5.0566e-60
864 5.0645e-60
865 5.07238e-60
866 5.08026e-60
867 5.08812e-60
868 5.09597e-60
869 5.10381e-60
870 5.11163e-60
871 5.11945e-60
872 5.12725e-60
873 5.13504e-60
874 5.14282e-60
875 5.15059e-60
876 5.15834e-60
877 5.16608e-60
878 5.17381e-60
879 5.18153e-60
880 5.18923e-60
881 5.19693e-60
882 5.2046e-60
883 5.21227e-60
884 5.21992e-60
885 5.22756e-60
886 5.23519e-60
887 5.2428e-60
888 5.2504e-60
889 5.25798e-60
890 5.26555e-60
891 5.27311e-60
892 5.28065e-60
893 5.28818e-60
894 5.29569e-60
895 5.30319e-60
896 5.31068e-60
897 5.31815e-60
898 5.32561e-60
899 5.33305e-60
900 5.34047e-60
901 5.34789e-60
902 5.35528e-60
903 5.36266e-60
904 5.37003e-60
905 5.37738e-60
906 5.38471e-60
907 5.39204e-60
908 5.39934e-60
909 5.40663e-60
910 5.41391e-60
911 5.42116e-60
912 5.42841e-60
913 5.43564e-60
914 5.44285e-60
915 5.45005e-60
916 5.45724e-60
917 5.4644e-60
918 5.47156e-60
919 5.47869e-60
920 5.48582e-60
921 5.49292e-60
922 5.50002e-60
923 5.50709e-60
924 5.51415e-60
925 5.5212e-60
926 5.52823e-60
927 5.53525e-60
928 5.54225e-60
929 5.54923e-60
930 5.5562e-60
931 5.56316e-60
932 5.57009e-60
933 5.57702e-60
934 5.58393e-60
935 5.59082e-60
936 5.5977e-60
937 5.60456e-60
938 5.61141e-60
939 5.61824e-60
940 5.62506e-60
941 5.63186e-60
942 5.63865e-60
943 5.64542e-60
944 5.65217e-60
945 5.65891e-60
946 5.66564e-60
947 5.67235e-60
948 5.67904e-60
949 5.68572e-60
950 5.69239e-60
951 5.69904e-60
952 5.70567e-60
953 5.71229e-60
954 5.7189e-60
955 5.72549e-60
956 5.73206e-60
957 5.73862e-60
958 5.74517e-60
959 5.7517e-60
960 5.75822e-60
961 5.76472e-60
962 5.77121e-60
963 5.77769e-60
964 5.78415e-60
965 5.79059e-60
966 5.79703e-60
967 5.80345e-60
968 5.80985e-60
969 5.81624e-60
970 5.82262e-60
971 5.82899e-60
972 5.83534e-60
973 5.84168e-60
974 5.848e-60
975 5.85431e-60
976 5.86061e-60
977 5.8669e-60
978 5.87317e-60
979 5.87944e-60
980 5.88569e-60
981 5.89192e-60
982 5.89815e-60
983 5.90436e-60
984 5.91056e-60
985 5.91675e-60
986 5.92293e-60
987 5.92909e-60
988 5.93525e-60
989 5.94139e-60
990 5.94752e-60
991 5.95364e-60
992 5.95975e-60
993 5.96585e-60
994 5.97194e-60
995 5.97802e-60
996 5.98409e-60
997 5.99014e-60
998 5.99619e-60
999 6.00223e-60
1000 6.00825e-60
1001 6.01427e-60
1002 6.02028e-60
1003 6.02627e-60
1004 6.03226e-60
1005 6.03824e-60
1006 6.04421e-60
1007 6.05017e-60
1008 6.05612e-60
1009 6.06206e-60
1010 6.068e-60
1011 6.07392e-60
1012 6.07984e-60
1013 6.08574e-60
1014 6.09164e-60
1015 6.09753e-60
1016 6.10341e-60
1017 6.10928e-60
1018 6.11515e-60
1019 6.12101e-60
1020 6.12686e-60
1021 6.1327e-60
1022 6.13853e-60
1023 6.14436e-60
1024 6.15017e-60
1025 6.15598e-60
1026 6.16179e-60
1027 6.16758e-60
1028 6.17337e-60
1029 6.17916e-60
1030 6.18493e-60
1031 6.1907e-60
1032 6.19646e-60
1033 6.20222e-60
1034 6.20797e-60
1035 6.21371e-60
1036 6.21945e-60
1037 6.22518e-60
1038 6.2309e-60
1039 6.23662e-60
1040 6.24234e-60
1041 6.24804e-60
1042 6.25375e-60
1043 6.25944e-60
1044 6.26514e-60
1045 6.27082e-60
1046 6.27651e-60
1047 6.28218e-60
1048 6.28786e-60
1049 6.29352e-60
1050 6.29919e-60
1051 6.30485e-60
1052 6.3105e-60
1053 6.31616e-60
1054 6.3218e-60
1055 6.32745e-60
1056 6.33308e-60
1057 6.33872e-60
1058 6.34435e-60
1059 6.34997e-60
1060 6.35559e-60
1061 6.36121e-60
1062 6.36682e-60
1063 6.37243e-60
1064 6.37803e-60
1065 6.38363e-60
1066 6.38922e-60
1067 6.39481e-60
1068 6.40039e-60
1069 6.40597e-60
1070 6.41155e-60
1071 6.41711e-60
1072 6.42268e-60
1073 6.42824e-60
1074 6.43379e-60
1075 6.43934e-60
1076 6.44489e-60
1077 6.45043e-60
1078 6.45596e-60
1079 6.46149e-60
1080 6.46701e-60
1081 6.47253e-60
1082 6.47805e-60
1083 6.48356e-60
1084 6.48906e-60
1085 6.49456e-60
1086 6.50005e-60
1087 6.50554e-60
1088 6.51102e-60
1089 6.51649e-60
1090 6.52196e-60
1091 6.52743e-60
1092 6.53289e-60
1093 6.53834e-60
1094 6.54379e-60
1095 6.54923e-60
1096 6.55467e-60
1097 6.5601e-60
1098 6.56552e-60
1099 6.57094e-60
1100 6.57636e-60
1101 6.58176e-60
1102 6.58716e-60
1103 6.59256e-60
1104 6.59795e-60
1105 6.60333e-60
1106 6.6087e-60
1107 6.61407e-60
1108 6.61943e-60
1109 6.62478e-60
1110 6.63013e-60
1111 6.63546e-60
1112 6.64079e-60
1113 6.64611e-60
1114 6.65142e-60
1115 6.65673e-60
1116 6.66202e-60
1117 6.66731e-60
1118 6.67258e-60
1119 6.67785e-60
1120 6.6831e-60
1121 6.68835e-60
1122 6.69358e-60
1123 6.69881e-60
1124 6.70402e-60
1125 6.70923e-60
1126 6.71442e-60
1127 6.7196e-60
1128 6.72477e-60
1129 6.72993e-60
1130 6.73507e-60
1131 6.74021e-60
1132 6.74533e-60
1133 6.75043e-60
1134 6.75553e-60
1135 6.76061e-60
1136 6.76568e-60
1137 6.77073e-60
1138 6.77577e-60
1139 6.7808e-60
1140 6.78581e-60
1141 6.79081e-60
1142 6.79579e-60
1143 6.80076e-60
1144 6.80571e-60
1145 6.81064e-60
1146 6.81556e-60
1147 6.82047e-60
1148 6.82535e-60
1149 6.83022e-60
1150 6.83508e-60
1151 6.83991e-60
1152 6.84473e-60
1153 6.84953e-60
1154 6.85432e-60
1155 6.85908e-60
1156 6.86383e-60
1157 6.86856e-60
1158 6.87327e-60
1159 6.87796e-60
1160 6.88263e-60
1161 6.88728e-60
1162 6.89192e-60
1163 6.89653e-60
1164 6.90112e-60
1165 6.9057e-60
1166 6.91025e-60
1167 6.91478e-60
1168 6.9193e-60
1169 6.92379e-60
1170 6.92826e-60
1171 6.93271e-60
1172 6.93713e-60
1173 6.94154e-60
1174 6.94592e-60
1175 6.95028e-60
1176 6.95462e-60
1177 6.95894e-60
1178 6.96323e-60
1179 6.9675e-60
1180 6.97175e-60
1181 6.97597e-60
1182 6.98017e-60
1183 6.98434e-60
1184 6.98849e-60
1185 6.99262e-60
1186 6.99672e-60
1187 7.0008e-60
1188 7.00485e-60
1189 7.00887e-60
1190 7.01287e-60
1191 7.01684e-60
1192 7.02079e-60
1193 7.02471e-60
1194 7.02861e-60
1195 7.03248e-60
1196 7.03632e-60
1197 7.04013e-60
1198 7.04391e-60
1199 7.04767e-60
1200 7.0514e-60
1201 7.0551e-60
1202 7.05877e-60
1203 7.06242e-60
1204 7.06603e-60
1205 7.06962e-60
1206 7.07318e-60
1207 7.07671e-60
1208 7.08021e-60
1209 7.08368e-60
1210 7.08713e-60
1211 7.09055e-60
1212 7.09393e-60
1213 7.09729e-60
1214 7.10063e-60
1215 7.10393e-60
1216 7.1072e-60
1217 7.11045e-60
1218 7.11367e-60
1219 7.11686e-60
1220 7.12002e-60
1221 7.12315e-60
1222 7.12626e-60
1223 7.12933e-60
1224 7.13238e-60
1225 7.1354e-60
1226 7.13839e-60
1227 7.14135e-60
1228 7.14429e-60
1229 7.1472e-60
1230 7.15007e-60
1231 7.15292e-60
1232 7.15575e-60
1233 7.15854e-60
1234 7.16131e-60
1235 7.16404e-60
1236 7.16675e-60
1237 7.16943e-60
1238 7.17209e-60
1239 7.17471e-60
1240 7.17731e-60
1241 7.17988e-60
1242 7.18242e-60
1243 7.18493e-60
1244 7.18742e-60
1245 7.18987e-60
1246 7.1923e-60
1247 7.1947e-60
1248 7.19708e-60
1249 7.19942e-60
1250 7.20174e-60
1251 7.20403e-60
1252 7.20629e-60
1253 7.20853e-60
1254 7.21074e-60
1255 7.21292e-60
1256 7.21507e-60
1257 7.2172e-60
1258 7.2193e-60
1259 7.22138e-60
1260 7.22342e-60
1261 7.22545e-60
1262 7.22745e-60
1263 7.22942e-60
1264 7.23137e-60
1265 7.2333e-60
1266 7.2352e-60
1267 7.23707e-60
1268 7.23893e-60
1269 7.24076e-60
1270 7.24256e-60
1271 7.24435e-60
1272 7.24611e-60
1273 7.24784e-60
1274 7.24956e-60
1275 7.25125e-60
1276 7.25293e-60
1277 7.25458e-60
1278 7.25621e-60
1279 7.25782e-60
1280 7.25941e-60
1281 7.26098e-60
1282 7.26252e-60
1283 7.26405e-60
1284 7.26556e-60
1285 7.26705e-60
1286 7.26853e-60
1287 7.26998e-60
1288 7.27141e-60
1289 7.27283e-60
1290 7.27423e-60
1291 7.27561e-60
1292 7.27698e-60
1293 7.27833e-60
1294 7.27966e-60
1295 7.28097e-60
1296 7.28227e-60
1297 7.28356e-60
1298 7.28483e-60
1299 7.28608e-60
1300 7.28732e-60
1301 7.28855e-60
1302 7.28976e-60
1303 7.29096e-60
1304 7.29214e-60
1305 7.29332e-60
1306 7.29447e-60
1307 7.29562e-60
1308 7.29675e-60
1309 7.29788e-60
1310 7.29899e-60
1311 7.30009e-60
1312 7.30117e-60
1313 7.30225e-60
1314 7.30332e-60
1315 7.30437e-60
1316 7.30542e-60
1317 7.30645e-60
1318 7.30748e-60
1319 7.3085e-60
1320 7.3095e-60
1321 7.3105e-60
1322 7.3115e-60
1323 7.31248e-60
1324 7.31346e-60
1325 7.31442e-60
1326 7.31538e-60
1327 7.31634e-60
1328 7.31729e-60
1329 7.31823e-60
1330 7.31917e-60
1331 7.3201e-60
1332 7.32102e-60
1333 7.32194e-60
1334 7.32286e-60
1335 7.32377e-60
1336 7.32468e-60
1337 7.32558e-60
1338 7.32648e-60
1339 7.32738e-60
1340 7.32828e-60
1341 7.32917e-60
1342 7.33006e-60
1343 7.33095e-60
1344 7.33184e-60
1345 7.33273e-60
1346 7.33362e-60
1347 7.3345e-60
1348 7.33539e-60
1349 7.33628e-60
1350 7.33716e-60
1351 7.33805e-60
1352 7.33894e-60
1353 7.33984e-60
1354 7.34073e-60
1355 7.34162e-60
1356 7.34252e-60
1357 7.34342e-60
1358 7.34431e-60
1359 7.34521e-60
1360 7.34611e-60
1361 7.34702e-60
1362 7.34792e-60
1363 7.34882e-60
1364 7.34973e-60
1365 7.35064e-60
1366 7.35155e-60
1367 7.35246e-60
1368 7.35337e-60
1369 7.35428e-60
1370 7.3552e-60
1371 7.35611e-60
1372 7.35703e-60
1373 7.35795e-60
1374 7.35887e-60
1375 7.3598e-60
1376 7.36072e-60
1377 7.36165e-60
1378 7.36257e-60
1379 7.3635e-60
1380 7.36443e-60
1381 7.36537e-60
1382 7.3663e-60
1383 7.36724e-60
1384 7.36817e-60
1385 7.36911e-60
1386 7.37006e-60
1387 7.371e-60
1388 7.37194e-60
1389 7.37289e-60
1390 7.37384e-60
1391 7.37479e-60
1392 7.37574e-60
1393 7.37669e-60
1394 7.37765e-60
1395 7.37861e-60
1396 7.37957e-60
1397 7.38053e-60
1398 7.38149e-60
1399 7.38245e-60
1400 7.38342e-60
1401 7.38439e-60
1402 7.38536e-60
1403 7.38633e-60
1404 7.3873e-60
1405 7.38828e-60
1406 7.38925e-60
1407 7.39023e-60
1408 7.3912e-60
1409 7.39217e-60
1410 7.39314e-60
1411 7.39412e-60
1412 7.39508e-60
1413 7.39605e-60
1414 7.39702e-60
1415 7.39798e-60
1416 7.39894e-60
1417 7.3999e-60
1418 7.40085e-60
1419 7.4018e-60
1420 7.40275e-60
1421 7.40369e-60
1422 7.40462e-60
1423 7.40555e-60
1424 7.40648e-60
1425 7.4074e-60
1426 7.40831e-60
1427 7.40922e-60
1428 7.41012e-60
1429 7.41101e-60
1430 7.41189e-60
1431 7.41277e-60
1432 7.41364e-60
1433 7.41449e-60
1434 7.41534e-60
1435 7.41618e-60
1436 7.41702e-60
1437 7.41784e-60
1438 7.41864e-60
1439 7.41944e-60
1440 7.42023e-60
1441 7.421e-60
1442 7.42177e-60
1443 7.42252e-60
1444 7.42326e-60
1445 7.42398e-60
1446 7.42469e-60
1447 7.42539e-60
1448 7.42607e-60
1449 7.42673e-60
1450 7.42738e-60
1451 7.42802e-60
1452 7.42864e-60
1453 7.42924e-60
1454 7.42983e-60
1455 7.4304e-60
1456 7.43095e-60
1457 7.43148e-60
1458 7.432e-60
1459 7.4325e-60
1460 7.43298e-60
1461 7.43344e-60
1462 7.43388e-60
1463 7.4343e-60
1464 7.4347e-60
1465 7.43508e-60
1466 7.43544e-60
1467 7.43578e-60
1468 7.4361e-60
1469 7.4364e-60
1470 7.43667e-60
1471 7.43692e-60
1472 7.43715e-60
1473 7.43736e-60
1474 7.43754e-60
1475 7.4377e-60
1476 7.43784e-60
1477 7.43795e-60
1478 7.43804e-60
1479 7.4381e-60
1480 7.43813e-60
1481 7.43814e-60
1482 7.43813e-60
1483 7.43808e-60
1484 7.43801e-60
1485 7.43792e-60
1486 7.43779e-60
1487 7.43764e-60
1488 7.43746e-60
1489 7.43725e-60
1490 7.43701e-60
1491 7.43674e-60
1492 7.43644e-60
1493 7.43611e-60
1494 7.43575e-60
1495 7.43536e-60
1496 7.43494e-60
1497 7.43448e-60
1498 7.434e-60
1499 7.43348e-60
1500 7.43293e-60
1501 7.43234e-60
1502 7.43172e-60
1503 7.43107e-60
1504 7.43039e-60
1505 7.42967e-60
1506 7.42891e-60
1507 7.42813e-60
1508 7.42731e-60
1509 7.42646e-60
1510 7.42557e-60
1511 7.42465e-60
1512 7.4237e-60
1513 7.42271e-60
1514 7.4217e-60
1515 7.42064e-60
1516 7.41956e-60
1517 7.41844e-60
1518 7.41729e-60
1519 7.4161e-60
1520 7.41488e-60
1521 7.41363e-60
1522 7.41235e-60
1523 7.41103e-60
1524 7.40968e-60
1525 7.4083e-60
1526 7.40688e-60
1527 7.40543e-60
1528 7.40395e-60
1529 7.40243e-60
1530 7.40088e-60
1531 7.3993e-60
1532 7.39768e-60
1533 7.39603e-60
1534 7.39435e-60
1535 7.39264e-60
1536 7.39089e-60
1537 7.38911e-60
1538 7.3873e-60
1539 7.38545e-60
1540 7.38358e-60
1541 7.38166e-60
1542 7.37972e-60
1543 7.37774e-60
1544 7.37574e-60
1545 7.37369e-60
1546 7.37162e-60
1547 7.36951e-60
1548 7.36737e-60
1549 7.3652e-60
1550 7.363e-60
1551 7.36076e-60
1552 7.35849e-60
1553 7.35619e-60
1554 7.35385e-60
1555 7.35149e-60
1556 7.3491e-60
1557 7.34667e-60
1558 7.34422e-60
1559 7.34173e-60
1560 7.33922e-60
1561 7.33668e-60
1562 7.33411e-60
1563 7.33151e-60
1564 7.32888e-60
1565 7.32623e-60
1566 7.32355e-60
1567 7.32084e-60
1568 7.31811e-60
1569 7.31535e-60
1570 7.31257e-60
1571 7.30976e-60
1572 7.30693e-60
1573 7.30407e-60
1574 7.30119e-60
1575 7.29829e-60
1576 7.29536e-60
1577 7.29241e-60
1578 7.28944e-60
1579 7.28645e-60
1580 7.28344e-60
1581 7.2804e-60
1582 7.27735e-60
1583 7.27428e-60
1584 7.27118e-60
1585 7.26807e-60
1586 7.26494e-60
1587 7.26179e-60
1588 7.25863e-60
1589 7.25544e-60
1590 7.25224e-60
1591 7.24903e-60
1592 7.2458e-60
1593 7.24255e-60
1594 7.23929e-60
1595 7.23601e-60
1596 7.23272e-60
1597 7.22942e-60
1598 7.2261e-60
1599 7.22277e-60
1600 7.21943e-60
1601 7.21608e-60
1602 7.21271e-60
1603 7.20934e-60
1604 7.20595e-60
1605 7.20256e-60
1606 7.19915e-60
1607 7.19574e-60
1608 7.19232e-60
1609 7.18888e-60
1610 7.18545e-60
1611 7.182e-60
1612 7.17855e-60
1613 7.17509e-60
1614 7.17162e-60
1615 7.16815e-60
1616 7.16468e-60
1617 7.1612e-60
1618 7.15771e-60
1619 7.15422e-60
1620 7.15073e-60
1621 7.14724e-60
1622 7.14374e-60
1623 7.14024e-60
1624 7.13674e-60
1625 7.13324e-60
1626 7.12974e-60
1627 7.12624e-60
1628 7.12274e-60
1629 7.11924e-60
1630 7.11574e-60
1631 7.11224e-60
1632 7.10875e-60
1633 7.10526e-60
1634 7.10177e-60
1635 7.09828e-60
1636 7.0948e-60
1637 7.09133e-60
1638 7.08786e-60
1639 7.08439e-60
1640 7.08094e-60
1641 7.07748e-60
1642 7.07404e-60
1643 7.0706e-60
1644 7.06718e-60
1645 7.06376e-60
1646 7.06035e-60
1647 7.05695e-60
1648 7.05356e-60
1649 7.05018e-60
1650 7.04681e-60
1651 7.04346e-60
1652 7.04012e-60
1653 7.03678e-60
1654 7.03347e-60
1655 7.03016e-60
1656 7.02686e-60
1657 7.02358e-60
1658 7.02031e-60
1659 7.01705e-60
1660 7.01381e-60
1661 7.01058e-60
1662 7.00736e-60
1663 7.00415e-60
1664 7.00095e-60
1665 6.99777e-60
1666 6.9946e-60
1667 6.99145e-60
1668 6.9883e-60
1669 6.98517e-60
1670 6.98205e-60
1671 6.97895e-60
1672 6.97586e-60
1673 6.97278e-60
1674 6.96971e-60
1675 6.96666e-60
1676 6.96362e-60
1677 6.9606e-60
1678 6.95758e-60
1679 6.95458e-60
1680 6.9516e-60
1681 6.94863e-60
1682 6.94567e-60
1683 6.94272e-60
1684 6.93979e-60
1685 6.93688e-60
1686 6.93397e-60
1687 6.93108e-60
1688 6.92821e-60
1689 6.92535e-60
1690 6.9225e-60
1691 6.91966e-60
1692 6.91684e-60
1693 6.91404e-60
1694 6.91125e-60
1695 6.90847e-60
1696 6.90571e-60
1697 6.90296e-60
1698 6.90023e-60
1699 6.89751e-60
1700 6.8948e-60
1701 6.89211e-60
1702 6.88944e-60
1703 6.88677e-60
1704 6.88413e-60
1705 6.88149e-60
1706 6.87887e-60
1707 6.87626e-60
1708 6.87366e-60
1709 6.87107e-60
1710 6.8685e-60
1711 6.86593e-60
1712 6.86338e-60
1713 6.86084e-60
1714 6.8583e-60
1715 6.85578e-60
1716 6.85326e-60
1717 6.85076e-60
1718 6.84826e-60
1719 6.84577e-60
1720 6.84329e-60
1721 6.84081e-60
1722 6.83834e-60
1723 6.83588e-60
1724 6.83342e-60
1725 6.83097e-60
1726 6.82853e-60
1727 6.82609e-60
1728 6.82365e-60
1729 6.82122e-60
1730 6.81879e-60
1731 6.81636e-60
1732 6.81394e-60
1733 6.81152e-60
1734 6.8091e-60
1735 6.80669e-60
1736 6.80427e-60
1737 6.80185e-60
1738 6.79944e-60
1739 6.79702e-60
1740 6.79461e-60
1741 6.79219e-60
1742 6.78977e-60
1743 6.78735e-60
1744 6.78493e-60
1745 6.7825e-60
1746 6.78008e-60
1747 6.77764e-60
1748 6.77521e-60
1749 6.77277e-60
1750 6.77032e-60
1751 6.76787e-60
1752 6.76541e-60
1753 6.76295e-60
1754 6.76048e-60
1755 6.758e-60
1756 6.75552e-60
1757 6.75303e-60
1758 6.75053e-60
1759 6.74802e-60
1760 6.7455e-60
1761 6.74298e-60
1762 6.74044e-60
1763 6.7379e-60
1764 6.73534e-60
1765 6.73278e-60
1766 6.7302e-60
1767 6.72762e-60
1768 6.72502e-60
1769 6.72241e-60
1770 6.71978e-60
1771 6.71715e-60
1772 6.7145e-60
1773 6.71184e-60
1774 6.70916e-60
1775 6.70647e-60
1776 6.70377e-60
1777 6.70105e-60
1778 6.69831e-60
1779 6.69556e-60
1780 6.69279e-60
1781 6.69001e-60
1782 6.68721e-60
1783 6.68439e-60
1784 6.68155e-60
1785 6.6787e-60
1786 6.67583e-60
1787 6.67293e-60
1788 6.67002e-60
1789 6.66709e-60
1790 6.66414e-60
1791 6.66117e-60
1792 6.65818e-60
1793 6.65516e-60
1794 6.65212e-60
1795 6.64907e-60
1796 6.64598e-60
1797 6.64288e-60
1798 6.63975e-60
1799 6.6366e-60
1800 6.63342e-60
1801 6.63022e-60
1802 6.627e-60
1803 6.62375e-60
1804 6.62047e-60
1805 6.61717e-60
1806 6.61385e-60
1807 6.6105e-60
1808 6.60712e-60
1809 6.60372e-60
1810 6.6003e-60
1811 6.59685e-60
1812 6.59338e-60
1813 6.58988e-60
1814 6.58635e-60
1815 6.58281e-60
1816 6.57924e-60
1817 6.57564e-60
1818 6.57202e-60
1819 6.56837e-60
1820 6.5647e-60
1821 6.56101e-60
1822 6.55729e-60
1823 6.55355e-60
1824 6.54978e-60
1825 6.54599e-60
1826 6.54217e-60
1827 6.53833e-60
1828 6.53447e-60
1829 6.53058e-60
1830 6.52667e-60
1831 6.52273e-60
1832 6.51877e-60
1833 6.51478e-60
1834 6.51077e-60
1835 6.50674e-60
1836 6.50268e-60
1837 6.4986e-60
1838 6.49449e-60
1839 6.49036e-60
1840 6.4862e-60
1841 6.48203e-60
1842 6.47782e-60
1843 6.4736e-60
1844 6.46935e-60
1845 6.46507e-60
1846 6.46078e-60
1847 6.45645e-60
1848 6.45211e-60
1849 6.44774e-60
1850 6.44335e-60
1851 6.43893e-60
1852 6.43449e-60
1853 6.43003e-60
1854 6.42554e-60
1855 6.42103e-60
1856 6.4165e-60
1857 6.41195e-60
1858 6.40738e-60
1859 6.40278e-60
1860 6.39817e-60
1861 6.39353e-60
1862 6.38888e-60
1863 6.3842e-60
1864 6.3795e-60
1865 6.37479e-60
1866 6.37006e-60
1867 6.3653e-60
1868 6.36053e-60
1869 6.35574e-60
1870 6.35094e-60
1871 6.34611e-60
1872 6.34127e-60
1873 6.33642e-60
1874 6.33154e-60
1875 6.32665e-60
1876 6.32175e-60
1877 6.31683e-60
1878 6.31189e-60
1879 6.30694e-60
1880 6.30198e-60
1881 6.297e-60
1882 6.29201e-60
1883 6.28701e-60
1884 6.28199e-60
1885 6.27696e-60
1886 6.27192e-60
1887 6.26687e-60
1888 6.2618e-60
1889 6.25673e-60
1890 6.25164e-60
1891 6.24655e-60
1892 6.24144e-60
1893 6.23633e-60
1894 6.2312e-60
1895 6.22607e-60
1896 6.22093e-60
1897 6.21578e-60
1898 6.21062e-60
1899 6.20546e-60
1900 6.20028e-60
1901 6.19511e-60
1902 6.18992e-60
1903 6.18473e-60
1904 6.17954e-60
1905 6.17434e-60
1906 6.16914e-60
1907 6.16393e-60
1908 6.15873e-60
1909 6.15352e-60
1910 6.14831e-60
1911 6.14309e-60
1912 6.13788e-60
1913 6.13267e-60
1914 6.12746e-60
1915 6.12225e-60
1916 6.11704e-60
1917 6.11184e-60
1918 6.10664e-60
1919 6.10144e-60
1920 6.09625e-60
1921 6.09106e-60
1922 6.08588e-60
1923 6.0807e-60
1924 6.07554e-60
1925 6.07037e-60
1926 6.06522e-60
1927 6.06008e-60
1928 6.05494e-60
1929 6.04982e-60
1930 6.04471e-60
1931 6.0396e-60
1932 6.03451e-60
1933 6.02943e-60
1934 6.02437e-60
1935 6.01932e-60
1936 6.01428e-60
1937 6.00926e-60
1938 6.00425e-60
1939 5.99927e-60
1940 5.99429e-60
1941 5.98934e-60
1942 5.9844e-60
1943 5.97948e-60
1944 5.97459e-60
1945 5.96971e-60
1946 5.96485e-60
1947 5.96002e-60
1948 5.95521e-60
1949 5.95042e-60
1950 5.94565e-60
1951 5.94091e-60
1952 5.93619e-60
1953 5.93149e-60
1954 5.92682e-60
1955 5.92217e-60
1956 5.91754e-60
1957 5.91292e-60
1958 5.90833e-60
1959 5.90376e-60
1960 5.8992e-60
1961 5.89466e-60
1962 5.89013e-60
1963 5.88562e-60
1964 5.88113e-60
1965 5.87665e-60
1966 5.87218e-60
1967 5.86772e-60
1968 5.86327e-60
1969 5.85884e-60
1970 5.85441e-60
1971 5.84999e-60
1972 5.84558e-60
1973 5.84118e-60
1974 5.83678e-60
1975 5.83239e-60
1976 5.828e-60
1977 5.82361e-60
1978 5.81923e-60
1979 5.81485e-60
1980 5.81047e-60
1981 5.80609e-60
1982 5.80171e-60
1983 5.79733e-60
1984 5.79295e-60
1985 5.78856e-60
1986 5.78417e-60
1987 5.77978e-60
1988 5.77538e-60
1989 5.77097e-60
1990 5.76655e-60
1991 5.76213e-60
1992 5.75769e-60
1993 5.75325e-60
1994 5.74879e-60
1995 5.74432e-60
1996 5.73984e-60
1997 5.73535e-60
1998 5.73084e-60
1999 5.72631e-60
2000 5.72177e-60
