2 878.642
3 802.117
4 736.109
5 678.987
6 628.355
7 582.769
8 541.311
9 502.979
10 468.522
11 436.37
12 406.954
13 379.313
14 354.38
15 332.135
16 310.819
17 291.016
18 273.692
19 259.111
20 246.654
21 235.169
22 224.746
23 215.743
24 208.324
25 202.422
26 197.825
27 194.593
28 192.789
29 192.357
30 193.106
31 194.794
32 197.465
33 201.224
34 206.152
35 212.301
36 219.689
37 228.294
38 238.059
39 248.878
40 260.599
41 273.063
42 286.254
43 300.191
44 314.885
45 330.346
46 346.572
47 363.56
48 381.295
49 399.755
50 418.913
51 438.736
52 459.213
53 480.339
54 502.102
55 524.488
56 547.481
57 571.06
58 595.198
59 619.868
60 645.035
61 670.668
62 696.751
63 723.273
64 750.223
65 777.588
66 805.355
67 833.512
68 862.043
69 890.934
70 920.17
71 949.734
72 979.614
73 1009.8
74 1040.27
75 1071.01
76 1102.02
77 1133.28
78 1164.76
79 1196.47
80 1228.38
81 1260.48
82 1292.75
83 1325.2
84 1357.79
85 1390.52
86 1423.38
87 1456.36
88 1489.44
89 1522.61
90 1555.87
91 1589.2
92 1622.59
93 1656.03
94 1689.5
95 1723.01
96 1756.53
97 1790.06
98 1823.58
99 1857.09
100 1890.58
101 1924.04
102 1957.45
103 1990.81
104 2024.11
105 2057.34
106 2090.48
107 2123.53
108 2156.47
109 2189.3
110 2222.01
111 2254.58
112 2287.02
113 2319.31
114 2351.44
115 2383.41
116 2415.21
117 2446.83
118 2478.26
119 2509.5
120 2540.55
121 2571.39
122 2602.02
123 2632.43
124 2662.61
125 2692.56
126 2722.26
127 2751.71
128 2780.9
129 2809.83
130 2838.48
131 2866.85
132 2894.94
133 2922.73
134 2950.22
135 2977.41
136 3004.29
137 3030.85
138 3057.1
139 3083.02
140 3108.61
141 3133.87
142 3158.79
143 3183.37
144 3207.59
145 3231.46
146 3254.96
147 3278.1
148 3300.87
149 3323.26
150 3345.27
151 3366.89
152 3388.12
153 3408.95
154 3429.39
155 3449.43
156 3469.06
157 3488.28
158 3507.09
159 3525.48
160 3543.46
161 3561.02
162 3578.16
163 3594.87
164 3611.15
165 3627
166 3642.41
167 3657.38
168 3671.91
169 3685.99
170 3699.63
171 3712.81
172 3725.54
173 3737.82
174 3749.64
175 3761.01
176 3771.91
177 3782.35
178 3792.33
179 3801.85
180 3810.9
181 3819.5
182 3827.62
183 3835.28
184 3842.47
185 3849.19
186 3855.44
187 3861.22
188 3866.53
189 3871.36
190 3875.72
191 3879.61
192 3883.02
193 3885.96
194 3888.43
195 3890.42
196 3891.94
197 3892.99
198 3893.57
199 3893.68
200 3893.32
201 3892.5
202 3891.2
203 3889.45
204 3887.22
205 3884.53
206 3881.38
207 3877.77
208 3873.69
209 3869.16
210 3864.16
211 3858.71
212 3852.8
213 3846.44
214 3839.63
215 3832.37
216 3824.66
217 3816.51
218 3807.92
219 3798.89
220 3789.42
221 3779.52
222 3769.19
223 3758.43
224 3747.25
225 3735.65
226 3723.64
227 3711.21
228 3698.38
229 3685.14
230 3671.5
231 3657.46
232 3643.02
233 3628.19
234 3612.97
235 3597.37
236 3581.39
237 3565.03
238 3548.31
239 3531.21
240 3513.75
241 3495.93
242 3477.76
243 3459.24
244 3440.38
245 3421.18
246 3401.65
247 3381.79
248 3361.61
249 3341.11
250 3320.3
251 3299.19
252 3277.78
253 3256.08
254 3234.09
255 3211.82
256 3189.27
257 3166.45
258 3143.37
259 3120.03
260 3096.44
261 3072.6
262 3048.52
263 3024.21
264 2999.67
265 2974.91
266 2949.94
267 2924.76
268 2899.39
269 2873.82
270 2848.07
271 2822.14
272 2796.05
273 2769.79
274 2743.38
275 2716.82
276 2690.13
277 2663.3
278 2636.36
279 2609.3
280 2582.14
281 2554.88
282 2527.54
283 2500.11
284 2472.62
285 2445.07
286 2417.47
287 2389.82
288 2362.14
289 2334.44
290 2306.73
291 2279.01
292 2251.3
293 2223.61
294 2195.95
295 2168.32
296 2140.74
297 2113.22
298 2085.76
299 2058.39
300 2031.11
301 2003.93
302 1976.85
303 1949.89
304 1923.05
305 1896.33
306 1869.74
307 1843.29
308 1816.98
309 1790.81
310 1764.8
311 1738.94
312 1713.25
313 1687.72
314 1662.36
315 1637.19
316 1612.2
317 1587.39
318 1562.78
319 1538.37
320 1514.16
321 1490.16
322 1466.38
323 1442.81
324 1419.47
325 1396.36
326 1373.49
327 1350.85
328 1328.45
329 1306.31
330 1284.42
331 1262.78
332 1241.41
333 1220.31
334 1199.48
335 1178.92
336 1158.65
337 1138.66
338 1118.96
339 1099.56
340 1080.45
341 1061.65
342 1043.15
343 1024.97
344 1007.1
345 989.547
346 972.32
347 955.421
348 938.852
349 922.618
350 906.723
351 891.17
352 875.961
353 861.098
354 846.582
355 832.414
356 818.595
357 805.127
358 792.011
359 779.247
360 766.836
361 754.78
362 743.077
363 731.73
364 720.737
365 710.1
366 699.818
367 689.891
368 680.319
369 671.102
370 662.239
371 653.73
372 645.574
373 637.771
374 630.318
375 623.216
376 616.462
377 610.057
378 603.997
379 598.282
380 592.91
381 587.878
382 583.186
383 578.83
384 574.808
385 571.119
386 567.759
387 564.725
388 562.016
389 559.627
390 557.555
391 555.798
392 554.352
393 553.212
394 552.376
395 551.84
396 551.599
397 551.649
398 551.986
399 552.605
400 553.501
401 554.671
402 556.111
403 557.819
404 559.795
405 562.034
406 564.534
407 567.294
408 570.311
409 573.582
410 577.103
411 580.873
412 584.887
413 589.144
414 593.64
415 598.37
416 603.333
417 608.524
418 613.94
419 619.576
420 625.429
421 631.495
422 637.77
423 644.249
424 650.928
425 657.802
426 664.868
427 672.119
428 679.552
429 687.161
430 694.941
431 702.887
432 710.993
433 719.255
434 727.666
435 736.221
436 744.913
437 753.738
438 762.688
439 771.757
440 780.94
441 790.229
442 799.619
443 809.101
444 818.67
445 828.318
446 838.038
447 847.823
448 857.666
449 867.558
450 877.492
451 887.461
452 897.461
453 907.489
454 917.541
455 927.615
456 937.705
457 947.81
458 957.926
459 968.048
460 978.173
461 988.298
462 998.419
463 1008.53
464 1018.63
465 1028.72
466 1038.78
467 1048.82
468 1058.83
469 1068.81
470 1078.76
471 1088.66
472 1098.52
473 1108.32
474 1118.07
475 1127.77
476 1137.4
477 1146.96
478 1156.45
479 1165.86
480 1175.19
481 1184.43
482 1193.58
483 1202.63
484 1211.58
485 1220.42
486 1229.14
487 1237.75
488 1246.24
489 1254.59
490 1262.81
491 1270.89
492 1278.82
493 1286.61
494 1294.23
495 1301.69
496 1308.98
497 1316.1
498 1323.03
499 1329.78
500 1336.33
501 1342.68
502 1348.83
503 1354.78
504 1360.53
505 1366.07
506 1371.41
507 1376.55
508 1381.47
509 1386.19
510 1390.7
511 1395.01
512 1399.1
513 1402.98
514 1406.66
515 1410.12
516 1413.36
517 1416.4
518 1419.22
519 1421.83
520 1424.22
521 1426.4
522 1428.36
523 1430.1
524 1431.63
525 1432.94
526 1434.03
527 1434.9
528 1435.55
529 1435.98
530 1436.19
531 1436.18
532 1435.95
533 1435.5
534 1434.83
535 1433.93
536 1432.82
537 1431.48
538 1429.91
539 1428.13
540 1426.12
541 1423.89
542 1421.43
543 1418.75
544 1415.84
545 1412.71
546 1409.36
547 1405.78
548 1401.98
549 1397.95
550 1393.7
551 1389.23
552 1384.53
553 1379.62
554 1374.49
555 1369.16
556 1363.61
557 1357.87
558 1351.93
559 1345.79
560 1339.47
561 1332.96
562 1326.26
563 1319.4
564 1312.36
565 1305.15
566 1297.78
567 1290.25
568 1282.56
569 1274.73
570 1266.76
571 1258.65
572 1250.4
573 1242.03
574 1233.53
575 1224.92
576 1216.19
577 1207.36
578 1198.42
579 1189.39
580 1180.27
581 1171.07
582 1161.79
583 1152.44
584 1143.03
585 1133.55
586 1124.02
587 1114.45
588 1104.83
589 1095.19
590 1085.51
591 1075.82
592 1066.11
593 1056.39
594 1046.68
595 1036.97
596 1027.28
597 1017.61
598 1007.98
599 998.373
600 988.816
601 979.31
602 969.859
603 960.466
604 951.132
605 941.862
606 932.658
607 923.522
608 914.457
609 905.467
610 896.554
611 887.72
612 878.97
613 870.305
614 861.729
615 853.244
616 844.855
617 836.563
618 828.372
619 820.285
620 812.305
621 804.435
622 796.678
623 789.038
624 781.518
625 774.121
626 766.85
627 759.709
628 752.7
629 745.828
630 739.096
631 732.507
632 726.064
633 719.771
634 713.632
635 707.65
636 701.828
637 696.17
638 690.681
639 685.362
640 680.219
641 675.254
642 670.472
643 665.876
644 661.471
645 657.258
646 653.244
647 649.431
648 645.823
649 642.425
650 639.24
651 636.271
652 633.52
653 630.984
654 628.665
655 626.561
656 624.672
657 622.997
658 621.536
659 620.288
660 619.253
661 618.43
662 617.818
663 617.417
664 617.226
665 617.244
666 617.47
667 617.904
668 618.544
669 619.39
670 620.442
671 621.697
672 623.156
673 624.817
674 626.679
675 628.741
676 631.003
677 633.462
678 636.119
679 638.971
680 642.018
681 645.259
682 648.692
683 652.316
684 656.129
685 660.132
686 664.321
687 668.696
688 673.255
689 677.998
690 682.922
691 688.026
692 693.309
693 698.768
694 704.403
695 710.212
696 716.193
697 722.345
698 728.665
699 735.153
700 741.806
701 748.623
702 755.6
703 762.735
704 770.025
705 777.467
706 785.058
707 792.795
708 800.674
709 808.693
710 816.848
711 825.136
712 833.554
713 842.099
714 850.766
715 859.553
716 868.456
717 877.472
718 886.597
719 895.827
720 905.159
721 914.588
722 924.113
723 933.727
724 943.428
725 953.212
726 963.075
727 973.013
728 983.021
729 993.096
730 1003.23
731 1013.43
732 1023.68
733 1033.98
734 1044.33
735 1054.71
736 1065.14
737 1075.59
738 1086.07
739 1096.58
740 1107.11
741 1117.65
742 1128.2
743 1138.75
744 1149.3
745 1159.85
746 1170.39
747 1180.91
748 1191.41
749 1201.89
750 1212.33
751 1222.75
752 1233.12
753 1243.45
754 1253.74
755 1263.97
756 1274.16
757 1284.29
758 1294.36
759 1304.37
760 1314.32
761 1324.19
762 1334
763 1343.72
764 1353.37
765 1362.94
766 1372.42
767 1381.8
768 1391.1
769 1400.29
770 1409.39
771 1418.38
772 1427.26
773 1436.02
774 1444.67
775 1453.2
776 1461.6
777 1469.88
778 1478.02
779 1486.02
780 1493.89
781 1501.61
782 1509.18
783 1516.59
784 1523.85
785 1530.95
786 1537.88
787 1544.64
788 1551.22
789 1557.63
790 1563.85
791 1569.88
792 1575.72
793 1581.37
794 1586.81
795 1592.05
796 1597.07
797 1601.88
798 1606.47
799 1610.84
800 1614.97
801 1618.87
802 1622.54
803 1625.98
804 1629.17
805 1632.14
806 1634.87
807 1637.37
808 1639.63
809 1641.67
810 1643.46
811 1645.03
812 1646.36
813 1647.47
814 1648.34
815 1648.97
816 1649.38
817 1649.56
818 1649.5
819 1649.22
820 1648.71
821 1647.96
822 1646.99
823 1645.79
824 1644.36
825 1642.71
826 1640.83
827 1638.72
828 1636.38
829 1633.82
830 1631.04
831 1628.03
832 1624.79
833 1621.34
834 1617.66
835 1613.76
836 1609.63
837 1605.29
838 1600.73
839 1595.95
840 1590.94
841 1585.73
842 1580.29
843 1574.64
844 1568.77
845 1562.69
846 1556.39
847 1549.88
848 1543.16
849 1536.23
850 1529.09
851 1521.74
852 1514.18
853 1506.42
854 1498.46
855 1490.31
856 1481.96
857 1473.43
858 1464.72
859 1455.83
860 1446.76
861 1437.52
862 1428.12
863 1418.55
864 1408.83
865 1398.95
866 1388.92
867 1378.75
868 1368.43
869 1357.98
870 1347.39
871 1336.68
872 1325.85
873 1314.9
874 1303.83
875 1292.65
876 1281.37
877 1270
878 1258.52
879 1246.96
880 1235.31
881 1223.58
882 1211.78
883 1199.91
884 1187.97
885 1175.98
886 1163.93
887 1151.83
888 1139.69
889 1127.51
890 1115.3
891 1103.06
892 1090.8
893 1078.52
894 1066.23
895 1053.94
896 1041.65
897 1029.36
898 1017.09
899 1004.84
900 992.609
901 980.41
902 968.243
903 956.111
904 944.015
905 931.959
906 919.943
907 907.971
908 896.043
909 884.164
910 872.334
911 860.557
912 848.834
913 837.168
914 825.56
915 814.014
916 802.531
917 791.115
918 779.766
919 768.489
920 757.284
921 746.155
922 735.104
923 724.133
924 713.245
925 702.442
926 691.727
927 681.103
928 670.571
929 660.134
930 649.796
931 639.558
932 629.423
933 619.393
934 609.472
935 599.662
936 589.966
937 580.386
938 570.924
939 561.585
940 552.37
941 543.282
942 534.324
943 525.499
944 516.809
945 508.257
946 499.847
947 491.581
948 483.461
949 475.491
950 467.674
951 460.012
952 452.505
953 445.154
954 437.958
955 430.916
956 424.03
957 417.298
958 410.72
959 404.297
960 398.028
961 391.912
962 385.951
963 380.142
964 374.487
965 368.985
966 363.635
967 358.438
968 353.393
969 348.5
970 343.759
971 339.169
972 334.73
973 330.441
974 326.303
975 322.315
976 318.477
977 314.788
978 311.248
979 307.857
980 304.614
981 301.519
982 298.571
983 295.771
984 293.117
985 290.609
986 288.248
987 286.031
988 283.96
989 282.033
990 280.25
991 278.611
992 277.115
993 275.762
994 274.55
995 273.48
996 272.552
997 271.763
998 271.115
999 270.606
1000 270.237
1001 270.005
1002 269.909
1003 269.948
1004 270.12
1005 270.423
1006 270.854
1007 271.412
1008 272.094
1009 272.9
1010 273.826
1011 274.87
1012 276.031
1013 277.307
1014 278.695
1015 280.193
1016 281.798
1017 283.51
1018 285.325
1019 287.242
1020 289.258
1021 291.371
1022 293.578
1023 295.877
1024 298.266
1025 300.743
1026 303.305
1027 305.95
1028 308.675
1029 311.478
1030 314.356
1031 317.308
1032 320.33
1033 323.42
1034 326.575
1035 329.793
1036 333.071
1037 336.407
1038 339.798
1039 343.241
1040 346.733
1041 350.273
1042 353.857
1043 357.482
1044 361.146
1045 364.846
1046 368.579
1047 372.342
1048 376.133
1049 379.948
1050 383.785
1051 387.64
1052 391.513
1053 395.399
1054 399.299
1055 403.209
1056 407.128
1057 411.053
1058 414.982
1059 418.914
1060 422.846
1061 426.776
1062 430.702
1063 434.621
1064 438.532
1065 442.432
1066 446.319
1067 450.191
1068 454.046
1069 457.881
1070 461.694
1071 465.482
1072 469.244
1073 472.977
1074 476.679
1075 480.347
1076 483.98
1077 487.573
1078 491.126
1079 494.636
1080 498.1
1081 501.516
1082 504.881
1083 508.193
1084 511.449
1085 514.648
1086 517.785
1087 520.859
1088 523.867
1089 526.807
1090 529.676
1091 532.471
1092 535.189
1093 537.829
1094 540.387
1095 542.86
1096 545.247
1097 547.543
1098 549.747
1099 551.855
1100 553.866
1101 555.775
1102 557.585
1103 559.294
1104 560.903
1105 562.412
1106 563.822
1107 565.134
1108 566.347
1109 567.462
1110 568.479
1111 569.399
1112 570.222
1113 570.949
1114 571.579
1115 572.114
1116 572.554
1117 572.899
1118 573.15
1119 573.307
1120 573.37
1121 573.34
1122 573.218
1123 573.003
1124 572.697
1125 572.3
1126 571.813
1127 571.235
1128 570.567
1129 569.81
1130 568.965
1131 568.032
1132 567.01
1133 565.902
1134 564.707
1135 563.426
1136 562.06
1137 560.609
1138 559.073
1139 557.453
1140 555.751
1141 553.965
1142 552.097
1143 550.148
1144 548.118
1145 546.008
1146 543.818
1147 541.549
1148 539.201
1149 536.775
1150 534.272
1151 531.693
1152 529.039
1153 526.311
1154 523.512
1155 520.643
1156 517.705
1157 514.701
1158 511.632
1159 508.5
1160 505.306
1161 502.052
1162 498.741
1163 495.374
1164 491.952
1165 488.477
1166 484.952
1167 481.378
1168 477.757
1169 474.091
1170 470.382
1171 466.631
1172 462.841
1173 459.013
1174 455.149
1175 451.252
1176 447.323
1177 443.364
1178 439.377
1179 435.365
1180 431.328
1181 427.27
1182 423.192
1183 419.097
1184 414.986
1185 410.862
1186 406.726
1187 402.58
1188 398.428
1189 394.271
1190 390.11
1191 385.95
1192 381.79
1193 377.634
1194 373.484
1195 369.343
1196 365.211
1197 361.093
1198 356.989
1199 352.902
1200 348.835
1201 344.79
1202 340.767
1203 336.767
1204 332.792
1205 328.841
1206 324.917
1207 321.019
1208 317.149
1209 313.307
1210 309.494
1211 305.711
1212 301.959
1213 298.239
1214 294.552
1215 290.897
1216 287.277
1217 283.693
1218 280.144
1219 276.632
1220 273.158
1221 269.723
1222 266.327
1223 262.972
1224 259.658
1225 256.386
1226 253.158
1227 249.974
1228 246.834
1229 243.741
1230 240.694
1231 237.696
1232 234.746
1233 231.846
1234 228.996
1235 226.198
1236 223.453
1237 220.761
1238 218.124
1239 215.542
1240 213.017
1241 210.549
1242 208.139
1243 205.789
1244 203.5
1245 201.271
1246 199.106
1247 197.003
1248 194.966
1249 192.993
1250 191.087
1251 189.249
1252 187.477
1253 185.773
1254 184.136
1255 182.564
1256 181.059
1257 179.62
1258 178.247
1259 176.938
1260 175.695
1261 174.516
1262 173.402
1263 172.352
1264 171.365
1265 170.442
1266 169.582
1267 168.784
1268 168.049
1269 167.376
1270 166.765
1271 166.215
1272 165.727
1273 165.299
1274 164.931
1275 164.623
1276 164.375
1277 164.187
1278 164.057
1279 163.986
1280 163.973
1281 164.018
1282 164.12
1283 164.279
1284 164.495
1285 164.767
1286 165.095
1287 165.479
1288 165.917
1289 166.411
1290 166.958
1291 167.559
1292 168.214
1293 168.922
1294 169.682
1295 170.495
1296 171.359
1297 172.275
1298 173.241
1299 174.258
1300 175.325
1301 176.441
1302 177.606
1303 178.818
1304 180.076
1305 181.38
1306 182.728
1307 184.12
1308 185.554
1309 187.028
1310 188.543
1311 190.097
1312 191.689
1313 193.318
1314 194.982
1315 196.681
1316 198.413
1317 200.177
1318 201.973
1319 203.798
1320 205.653
1321 207.535
1322 209.444
1323 211.378
1324 213.336
1325 215.317
1326 217.32
1327 219.344
1328 221.387
1329 223.447
1330 225.525
1331 227.619
1332 229.727
1333 231.848
1334 233.981
1335 236.124
1336 238.277
1337 240.438
1338 242.606
1339 244.779
1340 246.957
1341 249.137
1342 251.319
1343 253.501
1344 255.682
1345 257.86
1346 260.035
1347 262.204
1348 264.367
1349 266.521
1350 268.667
1351 270.802
1352 272.925
1353 275.036
1354 277.133
1355 279.217
1356 281.286
1357 283.339
1358 285.375
1359 287.395
1360 289.396
1361 291.377
1362 293.339
1363 295.281
1364 297.2
1365 299.097
1366 300.971
1367 302.82
1368 304.644
1369 306.442
1370 308.213
1371 309.957
1372 311.671
1373 313.356
1374 315.01
1375 316.633
1376 318.223
1377 319.78
1378 321.303
1379 322.79
1380 324.241
1381 325.656
1382 327.032
1383 328.369
1384 329.666
1385 330.922
1386 332.136
1387 333.307
1388 334.435
1389 335.517
1390 336.554
1391 337.544
1392 338.486
1393 339.379
1394 340.223
1395 341.015
1396 341.756
1397 342.443
1398 343.077
1399 343.656
1400 344.178
1401 344.644
1402 345.054
1403 345.407
1404 345.704
1405 345.946
1406 346.134
1407 346.266
1408 346.345
1409 346.371
1410 346.344
1411 346.264
1412 346.132
1413 345.948
1414 345.714
1415 345.429
1416 345.094
1417 344.709
1418 344.275
1419 343.792
1420 343.262
1421 342.684
1422 342.059
1423 341.387
1424 340.669
1425 339.906
1426 339.098
1427 338.245
1428 337.349
1429 336.409
1430 335.426
1431 334.401
1432 333.334
1433 332.226
1434 331.077
1435 329.889
1436 328.661
1437 327.394
1438 326.088
1439 324.745
1440 323.365
1441 321.948
1442 320.495
1443 319.006
1444 317.483
1445 315.925
1446 314.334
1447 312.71
1448 311.053
1449 309.365
1450 307.645
1451 305.895
1452 304.115
1453 302.306
1454 300.468
1455 298.602
1456 296.71
1457 294.791
1458 292.846
1459 290.876
1460 288.881
1461 286.864
1462 284.823
1463 282.76
1464 280.675
1465 278.57
1466 276.445
1467 274.301
1468 272.138
1469 269.957
1470 267.76
1471 265.546
1472 263.316
1473 261.072
1474 258.814
1475 256.543
1476 254.26
1477 251.964
1478 249.658
1479 247.342
1480 245.017
1481 242.683
1482 240.342
1483 237.994
1484 235.639
1485 233.28
1486 230.916
1487 228.549
1488 226.179
1489 223.807
1490 221.434
1491 219.061
1492 216.688
1493 214.317
1494 211.948
1495 209.583
1496 207.221
1497 204.865
1498 202.514
1499 200.17
1500 197.834
1501 195.506
1502 193.187
1503 190.877
1504 188.577
1505 186.286
1506 184.006
1507 181.736
1508 179.477
1509 177.229
1510 174.993
1511 172.769
1512 170.557
1513 168.357
1514 166.171
1515 163.997
1516 161.838
1517 159.692
1518 157.561
1519 155.445
1520 153.343
1521 151.257
1522 149.187
1523 147.133
1524 145.096
1525 143.076
1526 141.073
1527 139.088
1528 137.12
1529 135.171
1530 133.242
1531 131.331
1532 129.439
1533 127.568
1534 125.717
1535 123.887
1536 122.078
1537 120.291
1538 118.525
1539 116.782
1540 115.061
1541 113.364
1542 111.69
1543 110.04
1544 108.414
1545 106.813
1546 105.237
1547 103.686
1548 102.161
1549 100.663
1550 99.1917
1551 97.7473
1552 96.3299
1553 94.9395
1554 93.576
1555 92.2393
1556 90.9293
1557 89.6459
1558 88.389
1559 87.1586
1560 85.9544
1561 84.7765
1562 83.6248
1563 82.499
1564 81.3992
1565 80.3252
1566 79.2769
1567 78.2543
1568 77.2572
1569 76.2855
1570 75.3391
1571 74.4179
1572 73.5218
1573 72.6507
1574 71.8045
1575 70.9831
1576 70.1863
1577 69.414
1578 68.6662
1579 67.9427
1580 67.2434
1581 66.5682
1582 65.917
1583 65.2896
1584 64.686
1585 64.1059
1586 63.5494
1587 63.0162
1588 62.5063
1589 62.0195
1590 61.5557
1591 61.1148
1592 60.6967
1593 60.3011
1594 59.9281
1595 59.5774
1596 59.249
1597 58.9426
1598 58.6582
1599 58.3957
1600 58.1549
1601 57.9356
1602 57.7375
1603 57.5603
1604 57.4035
1605 57.267
1606 57.1502
1607 57.0528
1608 56.9745
1609 56.9149
1610 56.8736
1611 56.8503
1612 56.8445
1613 56.856
1614 56.8842
1615 56.9289
1616 56.9897
1617 57.0662
1618 57.158
1619 57.2646
1620 57.3858
1621 57.5212
1622 57.6702
1623 57.8326
1624 58.0079
1625 58.1958
1626 58.3958
1627 58.6075
1628 58.8306
1629 59.0646
1630 59.3091
1631 59.5636
1632 59.8279
1633 60.1014
1634 60.3837
1635 60.6744
1636 60.9732
1637 61.2795
1638 61.5929
1639 61.913
1640 62.2395
1641 62.5717
1642 62.9093
1643 63.2519
1644 63.599
1645 63.9502
1646 64.305
1647 64.663
1648 65.0237
1649 65.3867
1650 65.7515
1651 66.1177
1652 66.4851
1653 66.8533
1654 67.2222
1655 67.5916
1656 67.9612
1657 68.3308
1658 68.7002
1659 69.069
1660 69.4372
1661 69.8044
1662 70.1705
1663 70.5351
1664 70.898
1665 71.2591
1666 71.618
1667 71.9746
1668 72.3285
1669 72.6796
1670 73.0275
1671 73.3721
1672 73.7131
1673 74.0502
1674 74.3832
1675 74.7118
1676 75.0359
1677 75.355
1678 75.6691
1679 75.9778
1680 76.2808
1681 76.578
1682 76.869
1683 77.1536
1684 77.4315
1685 77.7025
1686 77.9663
1687 78.2226
1688 78.4712
1689 78.7118
1690 78.9441
1691 79.1679
1692 79.3829
1693 79.5888
1694 79.7853
1695 79.9723
1696 80.1493
1697 80.3161
1698 80.4725
1699 80.6182
1700 80.7528
1701 80.8762
1702 80.9884
1703 81.0895
1704 81.1797
1705 81.2589
1706 81.3273
1707 81.3851
1708 81.4322
1709 81.4689
1710 81.4952
1711 81.5113
1712 81.5172
1713 81.513
1714 81.4989
1715 81.475
1716 81.4413
1717 81.3981
1718 81.3453
1719 81.2831
1720 81.2117
1721 81.131
1722 81.0414
1723 80.9427
1724 80.8353
1725 80.7191
1726 80.5943
1727 80.4611
1728 80.3195
1729 80.1696
1730 80.0116
1731 79.8456
1732 79.6717
1733 79.49
1734 79.3007
1735 79.1038
1736 78.8996
1737 78.688
1738 78.4693
1739 78.2435
1740 78.0109
1741 77.7714
1742 77.5253
1743 77.2726
1744 77.0136
1745 76.7482
1746 76.4767
1747 76.1992
1748 75.9157
1749 75.6265
1750 75.3317
1751 75.0314
1752 74.7257
1753 74.4148
1754 74.0987
1755 73.7777
1756 73.4519
1757 73.1214
1758 72.7863
1759 72.4468
1760 72.103
1761 71.7551
1762 71.4032
1763 71.0474
1764 70.6879
1765 70.3248
1766 69.9583
1767 69.5885
1768 69.2155
1769 68.8396
1770 68.4607
1771 68.0792
1772 67.6951
1773 67.3085
1774 66.9197
1775 66.5288
1776 66.1359
1777 65.7412
1778 65.3448
1779 64.9469
1780 64.5476
1781 64.1471
1782 63.7455
1783 63.343
1784 62.9398
1785 62.5359
1786 62.1316
1787 61.7271
1788 61.3224
1789 60.9177
1790 60.5132
1791 60.1091
1792 59.7054
1793 59.3025
1794 58.9003
1795 58.4992
1796 58.0992
1797 57.7006
1798 57.3034
1799 56.9079
1800 56.5141
1801 56.1224
1802 55.7327
1803 55.3451
1804 54.9597
1805 54.5765
1806 54.1955
1807 53.817
1808 53.4408
1809 53.0671
1810 52.6959
1811 52.3274
1812 51.9615
1813 51.5983
1814 51.2378
1815 50.8803
1816 50.5256
1817 50.1739
1818 49.8253
1819 49.4797
1820 49.1374
1821 48.7982
1822 48.4623
1823 48.1298
1824 47.8008
1825 47.4752
1826 47.1532
1827 46.8348
1828 46.52
1829 46.2091
1830 45.9019
1831 45.5987
1832 45.2994
1833 45.0041
1834 44.7129
1835 44.4259
1836 44.1431
1837 43.8646
1838 43.5905
1839 43.3208
1840 43.0556
1841 42.795
1842 42.539
1843 42.2878
1844 42.0413
1845 41.7997
1846 41.5629
1847 41.3312
1848 41.1046
1849 40.8831
1850 40.6668
1851 40.4558
1852 40.25
1853 40.0495
1854 39.8541
1855 39.664
1856 39.479
1857 39.299
1858 39.1242
1859 38.9545
1860 38.7898
1861 38.63
1862 38.4753
1863 38.3255
1864 38.1806
1865 38.0406
1866 37.9055
1867 37.7752
1868 37.6496
1869 37.5289
1870 37.4129
1871 37.3016
1872 37.195
1873 37.093
1874 36.9956
1875 36.9028
1876 36.8146
1877 36.7309
1878 36.6517
1879 36.5769
1880 36.5066
1881 36.4406
1882 36.379
1883 36.3218
1884 36.2688
1885 36.2201
1886 36.1756
1887 36.1353
1888 36.0992
1889 36.0672
1890 36.0393
1891 36.0154
1892 35.9956
1893 35.9798
1894 35.9679
1895 35.96
1896 35.9559
1897 35.9557
1898 35.9593
1899 35.9666
1900 35.9778
1901 35.9926
1902 36.011
1903 36.033
1904 36.0584
1905 36.0872
1906 36.1192
1907 36.1544
1908 36.1927
1909 36.2341
1910 36.2783
1911 36.3253
1912 36.3751
1913 36.4276
1914 36.4825
1915 36.54
1916 36.5997
1917 36.6618
1918 36.7261
1919 36.7924
1920 36.8607
1921 36.9309
1922 37.0029
1923 37.0766
1924 37.152
1925 37.2288
1926 37.3071
1927 37.3867
1928 37.4675
1929 37.5494
1930 37.6324
1931 37.7162
1932 37.801
1933 37.8864
1934 37.9725
1935 38.0591
1936 38.1461
1937 38.2335
1938 38.3211
1939 38.4088
1940 38.4966
1941 38.5842
1942 38.6717
1943 38.7589
1944 38.8457
1945 38.932
1946 39.0177
1947 39.1027
1948 39.1869
1949 39.2702
1950 39.3525
1951 39.4336
1952 39.5136
1953 39.5926
1954 39.6705
1955 39.7473
1956 39.8231
1957 39.8979
1958 39.9717
1959 40.0446
1960 40.1165
1961 40.1875
1962 40.2576
1963 40.3268
1964 40.3952
1965 40.4628
1966 40.5296
1967 40.5955
1968 40.6607
1969 40.7252
1970 40.789
1971 40.8521
1972 40.9145
1973 40.9762
1974 41.0374
1975 41.0979
1976 41.1579
1977 41.2173
1978 41.2761
1979 41.3345
1980 41.3924
1981 41.4499
1982 41.5069
1983 41.5635
1984 41.6197
1985 41.6755
1986 41.7311
1987 41.7863
1988 41.8412
1989 41.8958
1990 41.9503
1991 42.0045
1992 42.0585
1993 42.1124
1994 42.1661
1995 42.2197
1996 42.2732
1997 42.3267
1998 42.3801
1999 42.4336
2000 42.487
