2 377.892
3 264.889
4 203.441
5 165.389
6 139.841
7 121.73
8 108.391
9 98.3581
10 90.4922
11 84.2857
12 79.5466
13 75.6241
14 72.533
15 70.1879
16 68.1374
17 66.4299
18 65.2067
19 64.4767
20 64.0851
21 63.7812
22 63.5547
23 63.454
24 63.4995
25 63.6789
26 63.9586
27 64.3434
28 64.8378
29 65.4283
30 66.0813
31 66.7557
32 67.4555
33 68.1959
34 68.9883
35 69.8405
36 70.7559
37 71.7326
38 72.7634
39 73.8351
40 74.9276
41 76.0201
42 77.112
43 78.208
44 79.3118
45 80.4264
46 81.5537
47 82.6947
48 83.849
49 85.0151
50 86.19
51 87.3704
52 88.5572
53 89.7518
54 90.9551
55 92.1676
56 93.3888
57 94.618
58 95.8535
59 97.0927
60 98.3326
61 99.5699
62 100.805
63 102.038
64 103.27
65 104.502
66 105.734
67 106.965
68 108.195
69 109.424
70 110.651
71 111.874
72 113.094
73 114.312
74 115.527
75 116.739
76 117.949
77 119.156
78 120.36
79 121.559
80 122.753
81 123.942
82 125.125
83 126.302
84 127.474
85 128.641
86 129.803
87 130.959
88 132.109
89 133.254
90 134.392
91 135.524
92 136.648
93 137.766
94 138.877
95 139.982
96 141.079
97 142.169
98 143.252
99 144.327
100 145.393
101 146.451
102 147.5
103 148.54
104 149.573
105 150.597
106 151.613
107 152.622
108 153.622
109 154.615
110 155.599
111 156.576
112 157.545
113 158.506
114 159.458
115 160.402
116 161.337
117 162.264
118 163.181
119 164.088
120 164.985
121 165.872
122 166.748
123 167.614
124 168.469
125 169.314
126 170.149
127 170.974
128 171.789
129 172.594
130 173.388
131 174.173
132 174.948
133 175.712
134 176.466
135 177.21
136 177.944
137 178.667
138 179.38
139 180.081
140 180.772
141 181.451
142 182.12
143 182.777
144 183.423
145 184.058
146 184.682
147 185.295
148 185.897
149 186.489
150 187.069
151 187.638
152 188.196
153 188.743
154 189.279
155 189.804
156 190.317
157 190.819
158 191.31
159 191.789
160 192.256
161 192.711
162 193.155
163 193.586
164 194.006
165 194.414
166 194.81
167 195.195
168 195.567
169 195.928
170 196.278
171 196.616
172 196.942
173 197.256
174 197.559
175 197.849
176 198.128
177 198.395
178 198.65
179 198.894
180 199.125
181 199.344
182 199.55
183 199.745
184 199.928
185 200.099
186 200.257
187 200.404
188 200.539
189 200.662
190 200.773
191 200.872
192 200.959
193 201.034
194 201.097
195 201.148
196 201.188
197 201.215
198 201.231
199 201.234
200 201.225
201 201.204
202 201.171
203 201.126
204 201.069
205 201
206 200.919
207 200.826
208 200.721
209 200.605
210 200.477
211 200.337
212 200.186
213 200.023
214 199.848
215 199.662
216 199.464
217 199.255
218 199.034
219 198.802
220 198.558
221 198.303
222 198.036
223 197.757
224 197.467
225 197.166
226 196.853
227 196.529
228 196.193
229 195.846
230 195.487
231 195.118
232 194.737
233 194.345
234 193.942
235 193.528
236 193.104
237 192.668
238 192.222
239 191.765
240 191.297
241 190.819
242 190.33
243 189.831
244 189.321
245 188.801
246 188.271
247 187.73
248 187.178
249 186.617
250 186.045
251 185.464
252 184.872
253 184.27
254 183.658
255 183.036
256 182.405
257 181.764
258 181.113
259 180.454
260 179.784
261 179.106
262 178.418
263 177.722
264 177.016
265 176.302
266 175.579
267 174.847
268 174.106
269 173.357
270 172.6
271 171.834
272 171.06
273 170.278
274 169.488
275 168.69
276 167.884
277 167.071
278 166.249
279 165.421
280 164.585
281 163.742
282 162.892
283 162.035
284 161.172
285 160.303
286 159.427
287 158.545
288 157.657
289 156.764
290 155.865
291 154.961
292 154.052
293 153.137
294 152.218
295 151.294
296 150.366
297 149.434
298 148.497
299 147.557
300 146.613
301 145.665
302 144.715
303 143.76
304 142.803
305 141.843
306 140.88
307 139.915
308 138.947
309 137.976
310 137.004
311 136.029
312 135.052
313 134.074
314 133.094
315 132.112
316 131.129
317 130.144
318 129.159
319 128.172
320 127.185
321 126.196
322 125.207
323 124.218
324 123.228
325 122.238
326 121.248
327 120.258
328 119.268
329 118.278
330 117.289
331 116.3
332 115.312
333 114.324
334 113.338
335 112.352
336 111.368
337 110.384
338 109.402
339 108.422
340 107.442
341 106.465
342 105.489
343 104.516
344 103.544
345 102.574
346 101.606
347 100.641
348 99.6783
349 98.7178
350 97.76
351 96.8049
352 95.8525
353 94.903
354 93.9564
355 93.013
356 92.0726
357 91.1355
358 90.2018
359 89.2715
360 88.3446
361 87.4214
362 86.5018
363 85.586
364 84.674
365 83.766
366 82.8619
367 81.9619
368 81.066
369 80.1743
370 79.2869
371 78.4038
372 77.5251
373 76.6509
374 75.7812
375 74.9161
376 74.0556
377 73.1998
378 72.3488
379 71.5026
380 70.6612
381 69.8247
382 68.9931
383 68.1666
384 67.345
385 66.5285
386 65.7171
387 64.9108
388 64.1097
389 63.3138
390 62.5231
391 61.7376
392 60.9574
393 60.1825
394 59.4128
395 58.6485
396 57.8895
397 57.1358
398 56.3875
399 55.6445
400 54.9068
401 54.1745
402 53.4476
403 52.7262
404 52.0102
405 51.2998
406 50.5949
407 49.8956
408 49.2019
409 48.5139
410 47.8316
411 47.1551
412 46.4843
413 45.8193
414 45.1601
415 44.5067
416 43.8592
417 43.2176
418 42.5819
419 41.9521
420 41.3282
421 40.7103
422 40.0983
423 39.4923
424 38.8922
425 38.2982
426 37.7101
427 37.1279
428 36.5518
429 35.9816
430 35.4173
431 34.8591
432 34.3067
433 33.7603
434 33.2198
435 32.6852
436 32.1565
437 31.6337
438 31.1167
439 30.6055
440 30.1001
441 29.6004
442 29.1065
443 28.6182
444 28.1356
445 27.6587
446 27.1872
447 26.7213
448 26.2609
449 25.806
450 25.3563
451 24.9121
452 24.4731
453 24.0395
454 23.6113
455 23.1883
456 22.7707
457 22.3585
458 21.9515
459 21.5499
460 21.1536
461 20.7626
462 20.3769
463 19.9964
464 19.6213
465 19.2514
466 18.8867
467 18.5273
468 18.1731
469 17.824
470 17.4802
471 17.1414
472 16.8078
473 16.4792
474 16.1557
475 15.8372
476 15.5238
477 15.2152
478 14.9116
479 14.6129
480 14.319
481 14.03
482 13.7456
483 13.4661
484 13.1911
485 12.9208
486 12.6551
487 12.3939
488 12.1372
489 11.8849
490 11.637
491 11.3933
492 11.1539
493 10.9187
494 10.6876
495 10.4605
496 10.2374
497 10.0183
498 9.80293
499 9.59137
500 9.38349
501 9.17925
502 8.97859
503 8.78153
504 8.58802
505 8.39806
506 8.21163
507 8.0287
508 7.84925
509 7.67327
510 7.50073
511 7.3316
512 7.16586
513 7.00348
514 6.84444
515 6.6887
516 6.53624
517 6.38703
518 6.24104
519 6.09822
520 5.95856
521 5.82201
522 5.68854
523 5.55812
524 5.43069
525 5.30624
526 5.18471
527 5.06607
528 4.95026
529 4.83726
530 4.72702
531 4.61948
532 4.51461
533 4.41235
534 4.31266
535 4.21549
536 4.12078
537 4.02849
538 3.93856
539 3.85093
540 3.76555
541 3.68237
542 3.60132
543 3.52235
544 3.44539
545 3.37039
546 3.29728
547 3.226
548 3.15648
549 3.08865
550 3.02245
551 2.95782
552 2.89474
553 2.83318
554 2.77315
555 2.71462
556 2.65758
557 2.60201
558 2.5479
559 2.49523
560 2.44398
561 2.39414
562 2.34569
563 2.29861
564 2.25289
565 2.2085
566 2.16542
567 2.12364
568 2.08314
569 2.04389
570 2.00587
571 1.96906
572 1.93345
573 1.899
574 1.86569
575 1.83351
576 1.80242
577 1.7724
578 1.74344
579 1.71549
580 1.68854
581 1.66256
582 1.63752
583 1.6134
584 1.59016
585 1.56779
586 1.54624
587 1.5255
588 1.50553
589 1.4863
590 1.46778
591 1.44994
592 1.43274
593 1.41617
594 1.40017
595 1.38473
596 1.3698
597 1.35535
598 1.34135
599 1.32775
600 1.31454
601 1.30166
602 1.28913
603 1.27693
604 1.26507
605 1.25354
606 1.24234
607 1.23147
608 1.22094
609 1.21073
610 1.20086
611 1.1913
612 1.18208
613 1.17317
614 1.16459
615 1.15633
616 1.14838
617 1.14075
618 1.13344
619 1.12644
620 1.11975
621 1.11336
622 1.10728
623 1.10151
624 1.09604
625 1.09087
626 1.08599
627 1.08141
628 1.07712
629 1.07313
630 1.06942
631 1.06599
632 1.06284
633 1.05998
634 1.05739
635 1.05507
636 1.05303
637 1.05125
638 1.04974
639 1.04848
640 1.04749
641 1.04675
642 1.04626
643 1.04601
644 1.04602
645 1.04626
646 1.04674
647 1.04745
648 1.0484
649 1.04957
650 1.05096
651 1.05257
652 1.0544
653 1.05644
654 1.05871
655 1.0612
656 1.06391
657 1.06684
658 1.06999
659 1.07336
660 1.07695
661 1.08077
662 1.08481
663 1.08907
664 1.09356
665 1.09827
666 1.1032
667 1.10836
668 1.11375
669 1.11936
670 1.12519
671 1.13125
672 1.13754
673 1.14405
674 1.15079
675 1.15776
676 1.16495
677 1.17237
678 1.18002
679 1.1879
680 1.196
681 1.20433
682 1.21288
683 1.22167
684 1.23068
685 1.23992
686 1.24939
687 1.25909
688 1.26901
689 1.27917
690 1.28955
691 1.30015
692 1.31099
693 1.32205
694 1.33334
695 1.34486
696 1.35661
697 1.36858
698 1.38079
699 1.39321
700 1.40587
701 1.41875
702 1.43186
703 1.44519
704 1.45874
705 1.47251
706 1.4865
707 1.5007
708 1.51512
709 1.52975
710 1.54459
711 1.55963
712 1.57489
713 1.59034
714 1.606
715 1.62186
716 1.63792
717 1.65417
718 1.67061
719 1.68724
720 1.70406
721 1.72107
722 1.73826
723 1.75563
724 1.77318
725 1.7909
726 1.8088
727 1.82687
728 1.8451
729 1.8635
730 1.88206
731 1.90079
732 1.91967
733 1.9387
734 1.95788
735 1.97722
736 1.99669
737 2.01632
738 2.03608
739 2.05597
740 2.076
741 2.09616
742 2.11645
743 2.13686
744 2.15739
745 2.17803
746 2.19879
747 2.21967
748 2.24064
749 2.26173
750 2.28291
751 2.30419
752 2.32556
753 2.34701
754 2.36855
755 2.39016
756 2.41185
757 2.4336
758 2.45541
759 2.47728
760 2.49919
761 2.52115
762 2.54315
763 2.56518
764 2.58724
765 2.60932
766 2.63142
767 2.65352
768 2.67563
769 2.69774
770 2.71984
771 2.74193
772 2.76399
773 2.78603
774 2.80804
775 2.83001
776 2.85193
777 2.8738
778 2.89561
779 2.91736
780 2.93904
781 2.96064
782 2.98215
783 3.00357
784 3.0249
785 3.04612
786 3.06722
787 3.08821
788 3.10907
789 3.1298
790 3.15038
791 3.17082
792 3.1911
793 3.21122
794 3.23117
795 3.25094
796 3.27053
797 3.28992
798 3.30911
799 3.3281
800 3.34686
801 3.36541
802 3.38372
803 3.40181
804 3.41966
805 3.43727
806 3.45465
807 3.47178
808 3.48866
809 3.50529
810 3.52167
811 3.53779
812 3.55365
813 3.56924
814 3.58457
815 3.59963
816 3.61442
817 3.62892
818 3.64315
819 3.65709
820 3.67074
821 3.6841
822 3.69717
823 3.70994
824 3.72241
825 3.73457
826 3.74642
827 3.75795
828 3.76918
829 3.78008
830 3.79065
831 3.8009
832 3.81082
833 3.8204
834 3.82965
835 3.83855
836 3.84711
837 3.85531
838 3.86316
839 3.87065
840 3.87779
841 3.88455
842 3.89095
843 3.89697
844 3.90262
845 3.90788
846 3.91276
847 3.91725
848 3.92135
849 3.92505
850 3.92834
851 3.93124
852 3.93373
853 3.93582
854 3.93752
855 3.93882
856 3.93973
857 3.94025
858 3.94039
859 3.94015
860 3.93953
861 3.93854
862 3.93718
863 3.93544
864 3.93335
865 3.93089
866 3.92808
867 3.92491
868 3.92139
869 3.91753
870 3.91332
871 3.90877
872 3.90389
873 3.89868
874 3.89314
875 3.88728
876 3.8811
877 3.8746
878 3.86779
879 3.86068
880 3.85326
881 3.84555
882 3.83754
883 3.82924
884 3.82065
885 3.81179
886 3.80265
887 3.79324
888 3.78356
889 3.77362
890 3.76342
891 3.75297
892 3.74228
893 3.73133
894 3.72016
895 3.70875
896 3.69711
897 3.68525
898 3.67317
899 3.66088
900 3.64838
901 3.63568
902 3.62278
903 3.60969
904 3.5964
905 3.58292
906 3.56926
907 3.5554
908 3.54137
909 3.52715
910 3.51276
911 3.4982
912 3.48346
913 3.46856
914 3.45349
915 3.43826
916 3.42287
917 3.40732
918 3.39162
919 3.37577
920 3.35978
921 3.34364
922 3.32736
923 3.31094
924 3.29439
925 3.27771
926 3.26091
927 3.24398
928 3.22693
929 3.20976
930 3.19248
931 3.17509
932 3.15759
933 3.14
934 3.1223
935 3.10451
936 3.08662
937 3.06865
938 3.0506
939 3.03246
940 3.01425
941 2.99596
942 2.97761
943 2.95919
944 2.94071
945 2.92217
946 2.90358
947 2.88495
948 2.86626
949 2.84754
950 2.82878
951 2.80999
952 2.79116
953 2.77231
954 2.75343
955 2.73453
956 2.71561
957 2.69666
958 2.6777
959 2.65872
960 2.63972
961 2.62072
962 2.6017
963 2.58268
964 2.56365
965 2.54462
966 2.52558
967 2.50655
968 2.48752
969 2.4685
970 2.44948
971 2.43048
972 2.41148
973 2.3925
974 2.37354
975 2.35459
976 2.33567
977 2.31677
978 2.2979
979 2.27906
980 2.26025
981 2.24147
982 2.22272
983 2.20402
984 2.18535
985 2.16673
986 2.14816
987 2.12963
988 2.11115
989 2.09273
990 2.07436
991 2.05606
992 2.03781
993 2.01963
994 2.00151
995 1.98346
996 1.96549
997 1.94759
998 1.92976
999 1.91202
1000 1.89435
1001 1.87678
1002 1.85929
1003 1.84188
1004 1.82457
1005 1.80734
1006 1.7902
1007 1.77315
1008 1.75619
1009 1.73932
1010 1.72255
1011 1.70586
1012 1.68927
1013 1.67277
1014 1.65637
1015 1.64006
1016 1.62385
1017 1.60774
1018 1.59172
1019 1.5758
1020 1.55998
1021 1.54425
1022 1.52863
1023 1.51311
1024 1.49769
1025 1.48237
1026 1.46716
1027 1.45205
1028 1.43704
1029 1.42214
1030 1.40735
1031 1.39266
1032 1.37808
1033 1.3636
1034 1.34924
1035 1.33498
1036 1.32083
1037 1.3068
1038 1.29288
1039 1.27906
1040 1.26537
1041 1.25178
1042 1.23831
1043 1.22495
1044 1.21171
1045 1.19859
1046 1.18558
1047 1.1727
1048 1.15993
1049 1.14728
1050 1.13475
1051 1.12234
1052 1.11005
1053 1.09788
1054 1.08583
1055 1.0739
1056 1.06209
1057 1.05041
1058 1.03884
1059 1.02739
1060 1.01606
1061 1.00484
1062 0.993752
1063 0.982778
1064 0.971922
1065 0.961184
1066 0.950564
1067 0.940061
1068 0.929676
1069 0.919408
1070 0.909256
1071 0.899221
1072 0.889302
1073 0.879499
1074 0.869812
1075 0.86024
1076 0.850782
1077 0.84144
1078 0.832212
1079 0.823098
1080 0.814097
1081 0.80521
1082 0.796436
1083 0.787774
1084 0.779225
1085 0.770788
1086 0.762462
1087 0.754247
1088 0.746143
1089 0.738149
1090 0.730265
1091 0.722491
1092 0.714826
1093 0.707269
1094 0.699821
1095 0.69248
1096 0.685247
1097 0.678121
1098 0.671101
1099 0.664187
1100 0.657378
1101 0.650675
1102 0.644075
1103 0.63758
1104 0.631186
1105 0.624895
1106 0.618704
1107 0.612614
1108 0.606624
1109 0.600732
1110 0.594937
1111 0.58924
1112 0.583638
1113 0.578132
1114 0.57272
1115 0.567402
1116 0.562176
1117 0.557041
1118 0.551997
1119 0.547044
1120 0.542178
1121 0.537401
1122 0.532711
1123 0.528106
1124 0.523587
1125 0.519152
1126 0.514799
1127 0.510529
1128 0.50634
1129 0.50223
1130 0.4982
1131 0.494247
1132 0.490371
1133 0.486571
1134 0.482846
1135 0.479195
1136 0.475615
1137 0.472108
1138 0.46867
1139 0.465302
1140 0.462002
1141 0.458769
1142 0.455601
1143 0.452498
1144 0.449459
1145 0.446482
1146 0.443566
1147 0.440709
1148 0.437912
1149 0.435171
1150 0.432487
1151 0.429858
1152 0.427283
1153 0.424763
1154 0.422296
1155 0.419882
1156 0.417521
1157 0.415212
1158 0.412955
1159 0.41075
1160 0.408595
1161 0.406491
1162 0.404437
1163 0.402432
1164 0.400476
1165 0.398569
1166 0.39671
1167 0.394898
1168 0.393133
1169 0.391415
1170 0.389743
1171 0.388116
1172 0.386534
1173 0.384996
1174 0.383503
1175 0.382053
1176 0.380645
1177 0.37928
1178 0.377957
1179 0.376675
1180 0.375433
1181 0.374231
1182 0.373069
1183 0.371946
1184 0.370861
1185 0.369814
1186 0.368803
1187 0.36783
1188 0.366892
1189 0.365989
1190 0.365122
1191 0.364288
1192 0.363488
1193 0.36272
1194 0.361985
1195 0.361282
1196 0.360609
1197 0.359966
1198 0.359354
1199 0.35877
1200 0.358214
1201 0.357686
1202 0.357186
1203 0.356712
1204 0.356266
1205 0.355847
1206 0.355455
1207 0.355089
1208 0.354749
1209 0.354436
1210 0.354149
1211 0.353887
1212 0.353651
1213 0.35344
1214 0.353255
1215 0.353095
1216 0.352959
1217 0.352848
1218 0.352761
1219 0.352699
1220 0.352661
1221 0.352646
1222 0.352655
1223 0.352687
1224 0.352742
1225 0.352821
1226 0.352922
1227 0.353045
1228 0.353191
1229 0.353358
1230 0.353548
1231 0.353759
1232 0.353991
1233 0.354244
1234 0.354518
1235 0.354813
1236 0.355128
1237 0.355464
1238 0.355819
1239 0.356194
1240 0.356588
1241 0.357001
1242 0.357433
1243 0.357884
1244 0.358353
1245 0.35884
1246 0.359345
1247 0.359868
1248 0.360407
1249 0.360964
1250 0.361538
1251 0.362128
1252 0.362735
1253 0.363357
1254 0.363996
1255 0.36465
1256 0.365319
1257 0.366004
1258 0.366704
1259 0.367419
1260 0.368149
1261 0.368893
1262 0.369651
1263 0.370424
1264 0.37121
1265 0.37201
1266 0.372823
1267 0.37365
1268 0.37449
1269 0.375342
1270 0.376207
1271 0.377084
1272 0.377973
1273 0.378874
1274 0.379787
1275 0.380711
1276 0.381646
1277 0.382592
1278 0.383549
1279 0.384516
1280 0.385494
1281 0.386481
1282 0.387478
1283 0.388485
1284 0.389501
1285 0.390526
1286 0.39156
1287 0.392602
1288 0.393652
1289 0.394711
1290 0.395777
1291 0.39685
1292 0.397931
1293 0.399019
1294 0.400113
1295 0.401214
1296 0.402321
1297 0.403434
1298 0.404552
1299 0.405676
1300 0.406804
1301 0.407938
1302 0.409076
1303 0.410219
1304 0.411365
1305 0.412515
1306 0.413669
1307 0.414826
1308 0.415985
1309 0.417148
1310 0.418313
1311 0.41948
1312 0.420649
1313 0.42182
1314 0.422992
1315 0.424165
1316 0.425339
1317 0.426513
1318 0.427688
1319 0.428862
1320 0.430037
1321 0.43121
1322 0.432383
1323 0.433554
1324 0.434724
1325 0.435893
1326 0.437059
1327 0.438223
1328 0.439384
1329 0.440542
1330 0.441697
1331 0.442848
1332 0.443996
1333 0.445139
1334 0.446278
1335 0.447411
1336 0.44854
1337 0.449664
1338 0.450781
1339 0.451893
1340 0.452998
1341 0.454097
1342 0.455188
1343 0.456273
1344 0.457349
1345 0.458418
1346 0.459478
1347 0.460529
1348 0.461572
1349 0.462605
1350 0.463629
1351 0.464642
1352 0.465646
1353 0.466639
1354 0.467621
1355 0.468592
1356 0.469552
1357 0.470501
1358 0.471439
1359 0.472364
1360 0.473278
1361 0.474179
1362 0.475068
1363 0.475944
1364 0.476807
1365 0.477657
1366 0.478493
1367 0.479316
1368 0.480125
1369 0.48092
1370 0.4817
1371 0.482466
1372 0.483216
1373 0.483952
1374 0.484672
1375 0.485377
1376 0.486066
1377 0.486739
1378 0.487395
1379 0.488035
1380 0.488658
1381 0.489264
1382 0.489852
1383 0.490423
1384 0.490976
1385 0.49151
1386 0.492027
1387 0.492525
1388 0.493003
1389 0.493463
1390 0.493903
1391 0.494323
1392 0.494724
1393 0.495104
1394 0.495464
1395 0.495803
1396 0.49612
1397 0.496417
1398 0.496692
1399 0.496945
1400 0.497176
1401 0.497384
1402 0.49757
1403 0.497734
1404 0.497876
1405 0.497996
1406 0.498095
1407 0.498171
1408 0.498226
1409 0.49826
1410 0.498273
1411 0.498264
1412 0.498234
1413 0.498184
1414 0.498113
1415 0.498021
1416 0.49791
1417 0.497777
1418 0.497625
1419 0.497453
1420 0.497261
1421 0.497049
1422 0.496818
1423 0.496567
1424 0.496298
1425 0.496009
1426 0.495701
1427 0.495375
1428 0.49503
1429 0.494666
1430 0.494285
1431 0.493885
1432 0.493468
1433 0.493032
1434 0.492579
1435 0.492109
1436 0.491621
1437 0.491117
1438 0.490595
1439 0.490057
1440 0.489502
1441 0.488931
1442 0.488343
1443 0.487739
1444 0.48712
1445 0.486485
1446 0.485834
1447 0.485168
1448 0.484487
1449 0.483791
1450 0.48308
1451 0.482355
1452 0.481615
1453 0.480861
1454 0.480093
1455 0.47931
1456 0.478514
1457 0.477704
1458 0.47688
1459 0.476043
1460 0.475193
1461 0.474329
1462 0.473453
1463 0.472563
1464 0.471661
1465 0.470746
1466 0.469819
1467 0.468879
1468 0.467928
1469 0.466964
1470 0.465989
1471 0.465002
1472 0.464003
1473 0.462993
1474 0.461972
1475 0.46094
1476 0.459896
1477 0.458843
1478 0.457778
1479 0.456704
1480 0.455619
1481 0.454524
1482 0.453419
1483 0.452304
1484 0.45118
1485 0.450046
1486 0.448903
1487 0.447752
1488 0.446591
1489 0.445422
1490 0.444244
1491 0.443057
1492 0.441863
1493 0.44066
1494 0.43945
1495 0.438232
1496 0.437007
1497 0.435774
1498 0.434535
1499 0.433288
1500 0.432035
1501 0.430775
1502 0.429509
1503 0.428236
1504 0.426957
1505 0.425672
1506 0.424382
1507 0.423085
1508 0.421783
1509 0.420475
1510 0.419161
1511 0.417843
1512 0.416519
1513 0.41519
1514 0.413856
1515 0.412517
1516 0.411173
1517 0.409825
1518 0.408473
1519 0.407116
1520 0.405754
1521 0.404389
1522 0.40302
1523 0.401647
1524 0.40027
1525 0.39889
1526 0.397506
1527 0.396119
1528 0.394729
1529 0.393336
1530 0.39194
1531 0.390541
1532 0.389139
1533 0.387735
1534 0.386329
1535 0.384921
1536 0.38351
1537 0.382097
1538 0.380683
1539 0.379267
1540 0.37785
1541 0.376431
1542 0.375011
1543 0.37359
1544 0.372168
1545 0.370745
1546 0.369322
1547 0.367898
1548 0.366474
1549 0.36505
1550 0.363625
1551 0.362201
1552 0.360777
1553 0.359353
1554 0.357929
1555 0.356506
1556 0.355084
1557 0.353662
1558 0.352241
1559 0.35082
1560 0.3494
1561 0.347981
1562 0.346563
1563 0.345147
1564 0.343731
1565 0.342316
1566 0.340903
1567 0.339491
1568 0.338081
1569 0.336672
1570 0.335265
1571 0.33386
1572 0.332456
1573 0.331054
1574 0.329655
1575 0.328257
1576 0.326861
1577 0.325468
1578 0.324077
1579 0.322688
1580 0.321302
1581 0.319918
1582 0.318537
1583 0.317159
1584 0.315784
1585 0.314411
1586 0.313042
1587 0.311675
1588 0.310312
1589 0.308952
1590 0.307595
1591 0.306242
1592 0.304893
1593 0.303547
1594 0.302205
1595 0.300866
1596 0.299532
1597 0.298201
1598 0.296875
1599 0.295553
1600 0.294235
1601 0.292921
1602 0.291612
1603 0.290307
1604 0.289007
1605 0.287712
1606 0.286421
1607 0.285134
1608 0.283853
1609 0.282576
1610 0.281304
1611 0.280037
1612 0.278774
1613 0.277517
1614 0.276265
1615 0.275018
1616 0.273775
1617 0.272538
1618 0.271306
1619 0.27008
1620 0.268858
1621 0.267642
1622 0.266432
1623 0.265227
1624 0.264027
1625 0.262833
1626 0.261644
1627 0.260461
1628 0.259284
1629 0.258112
1630 0.256947
1631 0.255787
1632 0.254633
1633 0.253484
1634 0.252342
1635 0.251206
1636 0.250076
1637 0.248952
1638 0.247835
1639 0.246723
1640 0.245618
1641 0.244519
1642 0.243427
1643 0.242341
1644 0.241262
1645 0.240189
1646 0.239123
1647 0.238063
1648 0.23701
1649 0.235964
1650 0.234925
1651 0.233892
1652 0.232867
1653 0.231848
1654 0.230836
1655 0.229831
1656 0.228833
1657 0.227841
1658 0.226857
1659 0.225879
1660 0.224908
1661 0.223944
1662 0.222987
1663 0.222036
1664 0.221092
1665 0.220155
1666 0.219224
1667 0.218301
1668 0.217384
1669 0.216473
1670 0.21557
1671 0.214673
1672 0.213782
1673 0.212899
1674 0.212022
1675 0.211151
1676 0.210287
1677 0.20943
1678 0.20858
1679 0.207735
1680 0.206898
1681 0.206067
1682 0.205243
1683 0.204425
1684 0.203613
1685 0.202808
1686 0.20201
1687 0.201218
1688 0.200433
1689 0.199654
1690 0.198881
1691 0.198115
1692 0.197355
1693 0.196601
1694 0.195854
1695 0.195113
1696 0.194379
1697 0.193651
1698 0.192929
1699 0.192213
1700 0.191504
1701 0.190801
1702 0.190104
1703 0.189413
1704 0.188729
1705 0.18805
1706 0.187378
1707 0.186711
1708 0.186051
1709 0.185396
1710 0.184748
1711 0.184105
1712 0.183468
1713 0.182836
1714 0.182211
1715 0.181591
1716 0.180976
1717 0.180367
1718 0.179764
1719 0.179166
1720 0.178574
1721 0.177987
1722 0.177405
1723 0.176829
1724 0.176258
1725 0.175692
1726 0.175131
1727 0.174576
1728 0.174025
1729 0.17348
1730 0.172939
1731 0.172404
1732 0.171873
1733 0.171347
1734 0.170826
1735 0.170309
1736 0.169798
1737 0.16929
1738 0.168788
1739 0.16829
1740 0.167796
1741 0.167307
1742 0.166822
1743 0.166342
1744 0.165866
1745 0.165394
1746 0.164926
1747 0.164462
1748 0.164002
1749 0.163547
1750 0.163095
1751 0.162647
1752 0.162203
1753 0.161763
1754 0.161327
1755 0.160894
1756 0.160465
1757 0.16004
1758 0.159619
1759 0.159201
1760 0.158787
1761 0.158377
1762 0.15797
1763 0.157567
1764 0.157168
1765 0.156772
1766 0.156379
1767 0.15599
1768 0.155605
1769 0.155223
1770 0.154844
1771 0.154468
1772 0.154096
1773 0.153728
1774 0.153362
1775 0.153
1776 0.152641
1777 0.152285
1778 0.151933
1779 0.151583
1780 0.151237
1781 0.150894
1782 0.150554
1783 0.150217
1784 0.149882
1785 0.149551
1786 0.149223
1787 0.148898
1788 0.148575
1789 0.148256
1790 0.147939
1791 0.147625
1792 0.147313
1793 0.147005
1794 0.146699
1795 0.146396
1796 0.146095
1797 0.145797
1798 0.145502
1799 0.145209
1800 0.144919
1801 0.144631
1802 0.144345
1803 0.144062
1804 0.143782
1805 0.143503
1806 0.143227
1807 0.142954
1808 0.142683
1809 0.142414
1810 0.142147
1811 0.141883
1812 0.141621
1813 0.141361
1814 0.141103
1815 0.140848
1816 0.140594
1817 0.140343
1818 0.140094
1819 0.139847
1820 0.139602
1821 0.139359
1822 0.139118
1823 0.13888
1824 0.138643
1825 0.138408
1826 0.138175
1827 0.137944
1828 0.137715
1829 0.137488
1830 0.137263
1831 0.137039
1832 0.136817
1833 0.136598
1834 0.136379
1835 0.136163
1836 0.135948
1837 0.135735
1838 0.135524
1839 0.135314
1840 0.135106
1841 0.1349
1842 0.134695
1843 0.134492
1844 0.13429
1845 0.13409
1846 0.133891
1847 0.133694
1848 0.133498
1849 0.133304
1850 0.13311
1851 0.132919
1852 0.132728
1853 0.132539
1854 0.132352
1855 0.132165
1856 0.13198
1857 0.131796
1858 0.131613
1859 0.131432
1860 0.131252
1861 0.131073
1862 0.130895
1863 0.130719
1864 0.130544
1865 0.13037
1866 0.130197
1867 0.130025
1868 0.129854
1869 0.129684
1870 0.129516
1871 0.129349
1872 0.129182
1873 0.129017
1874 0.128853
1875 0.12869
1876 0.128527
1877 0.128366
1878 0.128206
1879 0.128047
1880 0.127888
1881 0.127731
1882 0.127575
1883 0.127419
1884 0.127265
1885 0.127111
1886 0.126958
1887 0.126806
1888 0.126655
1889 0.126505
1890 0.126355
1891 0.126206
1892 0.126058
1893 0.125911
1894 0.125765
1895 0.125619
1896 0.125474
1897 0.12533
1898 0.125186
1899 0.125043
1900 0.124901
1901 0.124759
1902 0.124618
1903 0.124477
1904 0.124337
1905 0.124198
1906 0.124059
1907 0.123921
1908 0.123784
1909 0.123647
1910 0.12351
1911 0.123374
1912 0.123239
1913 0.123104
1914 0.122969
1915 0.122835
1916 0.122702
1917 0.122569
1918 0.122436
1919 0.122304
1920 0.122172
1921 0.122041
1922 0.12191
1923 0.12178
1924 0.12165
1925 0.12152
1926 0.121391
1927 0.121262
1928 0.121133
1929 0.121005
1930 0.120877
1931 0.120749
1932 0.120622
1933 0.120495
1934 0.120368
1935 0.120242
1936 0.120116
1937 0.11999
1938 0.119864
1939 0.119739
1940 0.119613
1941 0.119488
1942 0.119363
1943 0.119239
1944 0.119114
1945 0.11899
1946 0.118865
1947 0.118741
1948 0.118617
1949 0.118493
1950 0.11837
1951 0.118246
1952 0.118122
1953 0.117999
1954 0.117875
1955 0.117752
1956 0.117628
1957 0.117505
1958 0.117381
1959 0.117258
1960 0.117135
1961 0.117011
1962 0.116888
1963 0.116764
1964 0.116641
1965 0.116517
1966 0.116394
1967 0.11627
1968 0.116146
1969 0.116022
1970 0.115898
1971 0.115774
1972 0.11565
1973 0.115526
1974 0.115401
1975 0.115277
1976 0.115152
1977 0.115027
1978 0.114902
1979 0.114776
1980 0.114651
1981 0.114525
1982 0.114399
1983 0.114273
1984 0.114147
1985 0.11402
1986 0.113893
1987 0.113766
1988 0.113638
1989 0.11351
1990 0.113382
1991 0.113254
1992 0.113125
1993 0.112996
1994 0.112866
1995 0.112736
1996 0.112606
1997 0.112475
1998 0.112344
1999 0.112213
2000 0.112081
