2 897.898 3.98835 -21.4827 
3 804.241 6.69021 -26.4794 
4 715.501 9.66231 -30.5186 
5 643.127 13.3008 -33.9372 
6 585.292 17.6879 -36.7388 
7 539.052 22.8359 -38.9719 
8 501.921 28.7384 -40.7153 
9 471.587 35.4028 -42.0333 
10 447.944 42.8495 -43.0344 
11 428.619 51.0775 -43.7243 
12 413.503 60.0783 -44.1664 
13 401.324 69.8295 -44.3805 
14 392.676 80.3205 -44.4391 
15 387.347 91.5394 -44.3723 
16 383.546 103.467 -44.1448 
17 381.636 116.085 -43.8104 
18 382.364 129.375 -43.4325 
19 385.883 143.309 -43.0383 
20 391.601 157.856 -42.6085 
21 398.482 172.977 -42.0952 
22 406.547 188.641 -41.517 
23 416.053 204.818 -40.9052 
24 427.101 221.477 -40.2781 
25 439.61 238.583 -39.6378 
26 453.385 256.101 -38.9763 
27 468.45 273.997 -38.3045 
28 484.832 292.233 -37.6333 
29 502.466 310.772 -36.964 
30 521.18 329.575 -36.2873 
31 540.762 348.604 -35.5898 
32 561.23 367.822 -34.8811 
33 582.654 387.191 -34.176 
34 605.085 406.673 -33.4867 
35 628.549 426.233 -32.8227 
36 653.051 445.835 -32.1896 
37 678.565 465.441 -31.5895 
38 705.035 485.017 -31.0202 
39 732.37 504.529 -30.4746 
40 760.445 523.943 -29.9404 
41 789.128 543.225 -29.4046 
42 818.399 562.344 -28.8694 
43 848.266 581.265 -28.3405 
44 878.733 599.957 -27.8231 
45 909.801 618.388 -27.3211 
46 941.465 636.531 -26.8376 
47 973.716 654.355 -26.3744 
48 1006.54 671.834 -25.9321 
49 1039.91 688.941 -25.5098 
50 1073.81 705.654 -25.1053 
51 1108.2 721.949 -24.7161 
52 1143.07 737.801 -24.3436 
53 1178.42 753.188 -23.9901 
54 1214.23 768.088 -23.6572 
55 1250.49 782.48 -23.3459 
56 1287.19 796.345 -23.0566 
57 1324.3 809.666 -22.7888 
58 1361.8 822.426 -22.5415 
59 1399.68 834.612 -22.3126 
60 1437.89 846.212 -22.0992 
61 1476.42 857.213 -21.8987 
62 1515.24 867.604 -21.7112 
63 1554.36 877.373 -21.5378 
64 1593.75 886.509 -21.3793 
65 1633.4 895.004 -21.236 
66 1673.32 902.849 -21.108 
67 1713.48 910.039 -20.9953 
68 1753.87 916.571 -20.8974 
69 1794.48 922.441 -20.8133 
70 1835.29 927.65 -20.7418 
71 1876.29 932.196 -20.6817 
72 1917.47 936.08 -20.6331 
73 1958.82 939.299 -20.596 
74 2000.32 941.856 -20.5706 
75 2041.97 943.751 -20.5568 
76 2083.76 944.989 -20.5541 
77 2125.66 945.574 -20.5621 
78 2167.68 945.513 -20.58 
79 2209.79 944.814 -20.6071 
80 2251.98 943.485 -20.642 
81 2294.24 941.538 -20.6837 
82 2336.57 938.98 -20.732 
83 2378.94 935.82 -20.7868 
84 2421.35 932.067 -20.8479 
85 2463.8 927.733 -20.9152 
86 2506.26 922.828 -20.9882 
87 2548.74 917.366 -21.0666 
88 2591.21 911.362 -21.1498 
89 2633.67 904.83 -21.2371 
90 2676.12 897.787 -21.3277 
91 2718.53 890.252 -21.421 
92 2760.9 882.238 -21.5166 
93 2803.22 873.762 -21.6141 
94 2845.49 864.841 -21.7132 
95 2887.68 855.492 -21.8136 
96 2929.8 845.734 -21.9148 
97 2971.84 835.587 -22.0161 
98 3013.77 825.07 -22.1171 
99 3055.61 814.205 -22.2171 
100 3097.32 803.015 -22.3153 
101 3138.92 791.521 -22.411 
102 3180.38 779.742 -22.504 
103 3221.7 767.695 -22.5941 
104 3262.87 755.397 -22.6811 
105 3303.89 742.868 -22.7648 
106 3344.74 730.125 -22.8451 
107 3385.41 717.187 -22.9215 
108 3425.91 704.074 -22.994 
109 3466.21 690.806 -23.0622 
110 3506.32 677.401 -23.1257 
111 3546.22 663.881 -23.1843 
112 3585.91 650.266 -23.2375 
113 3625.38 636.576 -23.2851 
114 3664.62 622.833 -23.3265 
115 3703.62 609.059 -23.3613 
116 3742.38 595.275 -23.3891 
117 3780.88 581.503 -23.4093 
118 3819.13 567.765 -23.4215 
119 3857.11 554.084 -23.425 
120 3894.81 540.483 -23.4193 
121 3932.24 526.983 -23.4038 
122 3969.37 513.602 -23.3784 
123 4006.21 500.356 -23.3427 
124 4042.74 487.262 -23.2966 
125 4078.97 474.335 -23.24 
126 4114.88 461.591 -23.1726 
127 4150.47 449.045 -23.0943 
128 4185.73 436.712 -23.0049 
129 4220.65 424.606 -22.9042 
130 4255.23 412.743 -22.792 
131 4289.46 401.135 -22.6681 
132 4323.34 389.796 -22.5323 
133 4356.85 378.739 -22.3845 
134 4390 367.978 -22.2243 
135 4422.78 357.524 -22.0518 
136 4455.17 347.389 -21.8665 
137 4487.19 337.585 -21.6684 
138 4518.81 328.123 -21.4572 
139 4550.03 319.013 -21.2328 
140 4580.85 310.264 -20.9949 
141 4611.26 301.886 -20.7433 
142 4641.26 293.888 -20.4779 
143 4670.84 286.277 -20.1986 
144 4700 279.059 -19.9054 
145 4728.73 272.241 -19.5981 
146 4757.02 265.829 -19.2766 
147 4784.88 259.826 -18.941 
148 4812.29 254.239 -18.591 
149 4839.25 249.069 -18.2267 
150 4865.75 244.319 -17.848 
151 4891.8 239.993 -17.4548 
152 4917.39 236.09 -17.047 
153 4942.5 232.611 -16.6247 
154 4967.15 229.556 -16.1878 
155 4991.32 226.923 -15.7362 
156 5015 224.711 -15.2698 
157 5038.21 222.917 -14.7888 
158 5060.92 221.536 -14.293 
159 5083.14 220.563 -13.7825 
160 5104.86 219.994 -13.2572 
161 5126.08 219.823 -12.7172 
162 5146.8 220.046 -12.1623 
163 5167.01 220.661 -11.5928 
164 5186.7 221.663 -11.0086 
165 5205.88 223.049 -10.4097 
166 5224.55 224.813 -9.79625 
167 5242.69 226.95 -9.16825 
168 5260.3 229.452 -8.52579 
169 5277.39 232.312 -7.86893 
170 5293.95 235.522 -7.19775 
171 5309.97 239.073 -6.51233 
172 5325.46 242.954 -5.81279 
173 5340.41 247.155 -5.09921 
174 5354.82 251.664 -4.37171 
175 5368.68 256.469 -3.63042 
176 5382 261.556 -2.87544 
177 5394.77 266.911 -2.10693 
178 5406.99 272.518 -1.32502 
179 5418.65 278.361 -0.529875 
180 5429.76 284.424 0.278356 
181 5440.31 290.688 1.0995 
182 5450.31 297.146 1.93339 
183 5459.74 303.789 2.77985 
184 5468.62 310.608 3.63869 
185 5476.93 317.594 4.50972 
186 5484.68 324.737 5.39274 
187 5491.86 332.027 6.28754 
188 5498.47 339.453 7.1939 
189 5504.52 347.003 8.11159 
190 5510 354.666 9.04038 
191 5514.91 362.43 9.98001 
192 5519.25 370.28 10.9302 
193 5523.02 378.205 11.8908 
194 5526.22 386.189 12.8614 
195 5528.85 394.218 13.8418 
196 5530.91 402.276 14.8316 
197 5532.4 410.348 15.8307 
198 5533.31 418.417 16.8386 
199 5533.66 426.466 17.855 
200 5533.43 434.477 18.8797 
201 5532.63 442.434 19.9122 
202 5531.27 450.328 20.9523 
203 5529.33 458.153 21.9998 
204 5526.82 465.903 23.0542 
205 5523.74 473.57 24.1153 
206 5520.1 481.147 25.1828 
207 5515.89 488.627 26.2564 
208 5511.12 496.004 27.3358 
209 5505.78 503.269 28.4205 
210 5499.88 510.414 29.5103 
211 5493.42 517.433 30.6048 
212 5486.39 524.318 31.7037 
213 5478.81 531.059 32.8066 
214 5470.68 537.65 33.913 
215 5461.99 544.082 35.0228 
216 5452.74 550.346 36.1353 
217 5442.95 556.433 37.2504 
218 5432.61 562.335 38.3674 
219 5421.72 568.044 39.4861 
220 5410.29 573.548 40.6061 
221 5398.32 578.841 41.7267 
222 5385.82 583.911 42.8478 
223 5372.77 588.749 43.9687 
224 5359.2 593.346 45.0891 
225 5345.1 597.692 46.2084 
226 5330.47 601.777 47.3262 
227 5315.32 605.6 48.4422 
228 5299.65 609.157 49.556 
229 5283.47 612.449 50.6671 
230 5266.77 615.473 51.7752 
231 5249.57 618.23 52.8799 
232 5231.86 620.717 53.9809 
233 5213.65 622.934 55.0777 
234 5194.95 624.881 56.1699 
235 5175.75 626.557 57.2571 
236 5156.07 627.961 58.339 
237 5135.91 629.094 59.415 
238 5115.26 629.956 60.4848 
239 5094.15 630.546 61.548 
240 5072.56 630.866 62.6041 
241 5050.51 630.914 63.6527 
242 5028 630.694 64.6933 
243 5005.04 630.204 65.7256 
244 4981.63 629.446 66.749 
245 4957.78 628.421 67.7631 
246 4933.49 627.131 68.7674 
247 4908.78 625.576 69.7615 
248 4883.63 623.76 70.745 
249 4858.07 621.682 71.7173 
250 4832.09 619.347 72.6779 
251 4805.7 616.755 73.6264 
252 4778.92 613.911 74.5625 
253 4751.74 610.817 75.4858 
254 4724.17 607.478 76.3958 
255 4696.22 603.897 77.2923 
256 4667.89 600.078 78.1748 
257 4639.2 596.026 79.0431 
258 4610.14 591.746 79.8967 
259 4580.73 587.242 80.7353 
260 4550.97 582.519 81.5585 
261 4520.88 577.583 82.366 
262 4490.44 572.439 83.1573 
263 4459.69 567.094 83.9322 
264 4428.61 561.552 84.6903 
265 4397.22 555.821 85.4311 
266 4365.53 549.906 86.1543 
267 4333.55 543.816 86.8596 
268 4301.28 537.556 87.5466 
269 4268.73 531.134 88.2149 
270 4235.91 524.558 88.8641 
271 4202.83 517.835 89.4939 
272 4169.49 510.973 90.1039 
273 4135.92 503.982 90.6937 
274 4102.1 496.868 91.263 
275 4068.06 489.643 91.8114 
276 4033.8 482.313 92.3385 
277 3999.34 474.886 92.8442 
278 3964.67 467.37 93.3283 
279 3929.82 459.771 93.7907 
280 3894.79 452.097 94.2313 
281 3859.6 444.355 94.6499 
282 3824.25 436.554 95.0464 
283 3788.76 428.7 95.4208 
284 3753.13 420.804 95.7728 
285 3717.38 412.872 96.1025 
286 3681.52 404.913 96.4097 
287 3645.56 396.937 96.6944 
288 3609.52 388.953 96.9564 
289 3573.4 380.969 97.1958 
290 3537.21 372.996 97.4124 
291 3500.98 365.043 97.6062 
292 3464.7 357.12 97.7772 
293 3428.4 349.237 97.9252 
294 3392.08 341.405 98.0504 
295 3355.77 333.634 98.1527 
296 3319.46 325.936 98.232 
297 3283.18 318.321 98.2883 
298 3246.94 310.801 98.3217 
299 3210.75 303.388 98.3322 
300 3174.63 296.093 98.3198 
301 3138.58 288.926 98.2845 
302 3102.63 281.891 98.2263 
303 3066.76 274.989 98.1452 
304 3030.99 268.22 98.0413 
305 2995.34 261.587 97.9146 
306 2959.79 255.09 97.7651 
307 2924.37 248.729 97.5928 
308 2889.08 242.506 97.3978 
309 2853.93 236.422 97.1802 
310 2818.92 230.478 96.94 
311 2784.05 224.674 96.6773 
312 2749.35 219.01 96.3921 
313 2714.81 213.489 96.0847 
314 2680.44 208.109 95.755 
315 2646.25 202.872 95.4031 
316 2612.24 197.779 95.0293 
317 2578.43 192.828 94.6336 
318 2544.81 188.022 94.2161 
319 2511.4 183.36 93.777 
320 2478.2 178.842 93.3164 
321 2445.22 174.469 92.8346 
322 2412.46 170.241 92.3316 
323 2379.94 166.157 91.8077 
324 2347.65 162.218 91.263 
325 2315.61 158.423 90.6978 
326 2283.82 154.773 90.1122 
327 2252.29 151.267 89.5065 
328 2221.03 147.904 88.8809 
329 2190.04 144.686 88.2356 
330 2159.32 141.61 87.5708 
331 2128.89 138.677 86.8869 
332 2098.74 135.887 86.1841 
333 2068.9 133.237 85.4627 
334 2039.35 130.729 84.7229 
335 2010.12 128.36 83.9651 
336 1981.2 126.13 83.1896 
337 1952.6 124.039 82.3966 
338 1924.33 122.084 81.5865 
339 1896.39 120.266 80.7597 
340 1868.79 118.583 79.9164 
341 1841.53 117.033 79.0572 
342 1814.62 115.617 78.1822 
343 1788.07 114.331 77.2919 
344 1761.88 113.174 76.3868 
345 1736.06 112.146 75.4671 
346 1710.62 111.245 74.5333 
347 1685.55 110.468 73.5859 
348 1660.86 109.814 72.6253 
349 1636.56 109.282 71.6519 
350 1612.66 108.869 70.6661 
351 1589.16 108.573 69.6685 
352 1566.06 108.392 68.6592 
353 1543.36 108.325 67.6386 
354 1521.08 108.368 66.6069 
355 1499.2 108.52 65.5642 
356 1477.73 108.779 64.511 
357 1456.68 109.141 63.4474 
358 1436.04 109.605 62.3737 
359 1415.82 110.167 61.2902 
360 1396.02 110.826 60.1971 
361 1376.64 111.577 59.0949 
362 1357.68 112.419 57.9837 
363 1339.14 113.348 56.8638 
364 1321.02 114.362 55.7356 
365 1303.33 115.456 54.5995 
366 1286.06 116.629 53.4556 
367 1269.22 117.876 52.3043 
368 1252.81 119.194 51.146 
369 1236.82 120.58 49.981 
370 1221.26 122.03 48.8097 
371 1206.12 123.54 47.6324 
372 1191.41 125.106 46.4495 
373 1177.13 126.725 45.2613 
374 1163.27 128.393 44.0682 
375 1149.83 130.105 42.8707 
376 1136.82 131.857 41.669 
377 1124.24 133.646 40.4636 
378 1112.07 135.466 39.2549 
379 1100.33 137.313 38.0433 
380 1089 139.183 36.8292 
381 1078.09 141.07 35.613 
382 1067.6 142.971 34.3952 
383 1057.52 144.88 33.1762 
384 1047.86 146.792 31.9565 
385 1038.6 148.702 30.7365 
386 1029.75 150.605 29.5167 
387 1021.3 152.495 28.2975 
388 1013.26 154.368 27.0794 
389 1005.62 156.218 25.8629 
390 998.369 158.038 24.6485 
391 991.513 159.824 23.4367 
392 985.046 161.569 22.2279 
393 978.964 163.268 21.0228 
394 973.264 164.914 19.8218 
395 967.942 166.501 18.6255 
396 962.993 168.024 17.4343 
397 958.412 169.475 16.2489 
398 954.196 170.848 15.0697 
399 950.34 172.137 13.8974 
400 946.838 173.334 12.7326 
401 943.687 174.435 11.5756 
402 940.883 175.438 10.4269 
403 938.424 176.344 9.28658 
404 936.309 177.155 8.15495 
405 934.536 177.871 7.03223 
406 933.101 178.493 5.91865 
407 932.003 179.022 4.81442 
408 931.239 179.458 3.7198 
409 930.806 179.804 2.635 
410 930.702 180.059 1.56026 
411 930.922 180.225 0.495826 
412 931.465 180.304 -0.558076 
413 932.326 180.295 -1.60121 
414 933.503 180.201 -2.63333 
415 934.992 180.023 -3.6542 
416 936.789 179.762 -4.66358 
417 938.891 179.419 -5.66124 
418 941.292 178.996 -6.64692 
419 943.99 178.494 -7.62039 
420 946.981 177.914 -8.58141 
421 950.258 177.258 -9.52973 
422 953.82 176.528 -10.4651 
423 957.659 175.725 -11.3873 
424 961.772 174.851 -12.296 
425 966.154 173.908 -13.1911 
426 970.8 172.896 -14.0722 
427 975.704 171.818 -14.9392 
428 980.86 170.676 -15.7917 
429 986.265 169.472 -16.6295 
430 991.911 168.207 -17.4524 
431 997.792 166.883 -18.2602 
432 1003.9 165.503 -19.0524 
433 1010.24 164.068 -19.829 
434 1016.79 162.58 -20.5897 
435 1023.56 161.042 -21.3341 
436 1030.52 159.456 -22.0621 
437 1037.69 157.824 -22.7733 
438 1045.04 156.148 -23.4676 
439 1052.58 154.43 -24.1446 
440 1060.3 152.673 -24.8042 
441 1068.18 150.88 -25.4459 
442 1076.23 149.052 -26.0697 
443 1084.43 147.192 -26.6752 
444 1092.77 145.304 -27.2622 
445 1101.25 143.388 -27.8303 
446 1109.86 141.449 -28.3794 
447 1118.59 139.488 -28.9091 
448 1127.44 137.508 -29.4192 
449 1136.38 135.513 -29.9095 
450 1145.42 133.505 -30.3796 
451 1154.55 131.487 -30.8294 
452 1163.76 129.46 -31.2587 
453 1173.05 127.424 -31.6678 
454 1182.41 125.38 -32.0565 
455 1191.84 123.33 -32.4249 
456 1201.34 121.274 -32.773 
457 1210.9 119.212 -33.101 
458 1220.52 117.147 -33.4088 
459 1230.2 115.078 -33.6965 
460 1239.92 113.007 -33.9642 
461 1249.69 110.935 -34.2119 
462 1259.5 108.861 -34.4397 
463 1269.35 106.789 -34.6476 
464 1279.23 104.718 -34.8358 
465 1289.14 102.649 -35.0043 
466 1299.08 100.583 -35.1532 
467 1309.03 98.5216 -35.2827 
468 1319 96.4656 -35.3927 
469 1328.97 94.416 -35.4834 
470 1338.95 92.3738 -35.555 
471 1348.93 90.3401 -35.6074 
472 1358.9 88.3159 -35.6409 
473 1368.86 86.3023 -35.6556 
474 1378.8 84.3005 -35.6516 
475 1388.72 82.3115 -35.6289 
476 1398.62 80.3366 -35.5878 
477 1408.48 78.3767 -35.5285 
478 1418.3 76.4331 -35.4509 
479 1428.08 74.507 -35.3554 
480 1437.8 72.5996 -35.242 
481 1447.47 70.712 -35.111 
482 1457.08 68.8456 -34.9624 
483 1466.62 67.0014 -34.7965 
484 1476.09 65.1809 -34.6135 
485 1485.47 63.3852 -34.4135 
486 1494.77 61.6156 -34.1967 
487 1503.98 59.8735 -33.9633 
488 1513.08 58.1601 -33.7135 
489 1522.08 56.4768 -33.4475 
490 1530.96 54.825 -33.1656 
491 1539.73 53.206 -32.868 
492 1548.37 51.6211 -32.5548 
493 1556.87 50.0718 -32.2263 
494 1565.24 48.5595 -31.8828 
495 1573.45 47.0857 -31.5245 
496 1581.51 45.6517 -31.1516 
497 1589.41 44.259 -30.7644 
498 1597.14 42.9091 -30.3631 
499 1604.7 41.6035 -29.948 
500 1612.06 40.3438 -29.5194 
501 1619.24 39.131 -29.0776 
502 1626.22 37.9651 -28.6228 
503 1633.01 36.8456 -28.1553 
504 1639.6 35.7719 -27.6755 
505 1646 34.7435 -27.1837 
506 1652.19 33.76 -26.6801 
507 1658.19 32.8206 -26.1651 
508 1663.98 31.925 -25.639 
509 1669.57 31.0724 -25.1022 
510 1674.96 30.2623 -24.5549 
511 1680.15 29.4941 -23.9976 
512 1685.12 28.767 -23.4306 
513 1689.9 28.0806 -22.8542 
514 1694.46 27.434 -22.2688 
515 1698.81 26.8267 -21.6749 
516 1702.95 26.2579 -21.0726 
517 1706.89 25.7269 -20.4626 
518 1710.6 25.2329 -19.8451 
519 1714.11 24.7753 -19.2205 
520 1717.4 24.3532 -18.5892 
521 1720.47 23.9658 -17.9518 
522 1723.33 23.6124 -17.3085 
523 1725.97 23.2922 -16.6598 
524 1728.39 23.0042 -16.0061 
525 1730.59 22.7477 -15.3479 
526 1732.56 22.5218 -14.6856 
527 1734.32 22.3255 -14.0198 
528 1735.85 22.158 -13.3507 
529 1737.16 22.0184 -12.6789 
530 1738.24 21.9057 -12.005 
531 1739.1 21.8189 -11.3292 
532 1739.73 21.757 -10.6523 
533 1740.13 21.7192 -9.97453 
534 1740.3 21.7042 -9.29654 
535 1740.25 21.7113 -8.6188 
536 1739.96 21.7391 -7.94183 
537 1739.44 21.7868 -7.26615 
538 1738.69 21.8532 -6.5923 
539 1737.7 21.9371 -5.92082 
540 1736.48 22.0376 -5.25224 
541 1735.03 22.1533 -4.58713 
542 1733.34 22.2832 -3.92604 
543 1731.41 22.4261 -3.26955 
544 1729.25 22.5808 -2.61822 
545 1726.85 22.746 -1.97265 
546 1724.2 22.9206 -1.33342 
547 1721.32 23.1031 -0.701132 
548 1718.2 23.2925 -0.0763897 
549 1714.84 23.4873 0.540191 
550 1711.23 23.6863 1.14799 
551 1707.39 23.8882 1.74646 
552 1703.3 24.0928 2.33536 
553 1698.98 24.2998 2.91456 
554 1694.43 24.5088 3.48388 
555 1689.65 24.7199 4.04318 
556 1684.65 24.9326 4.59231 
557 1679.43 25.1468 5.13111 
558 1673.99 25.3622 5.65942 
559 1668.34 25.5786 6.17709 
560 1662.49 25.7957 6.68395 
561 1656.43 26.0133 7.17986 
562 1650.18 26.2312 7.66465 
563 1643.73 26.4491 8.13816 
564 1637.1 26.6667 8.60023 
565 1630.28 26.8837 9.05071 
566 1623.28 27.1 9.48942 
567 1616.11 27.3152 9.91621 
568 1608.77 27.5291 10.3309 
569 1601.26 27.7413 10.7334 
570 1593.6 27.9517 11.1234 
571 1585.78 28.1599 11.5009 
572 1577.82 28.3656 11.8656 
573 1569.71 28.5686 12.2174 
574 1561.46 28.7685 12.5561 
575 1553.09 28.9651 12.8815 
576 1544.58 29.158 13.1936 
577 1535.96 29.347 13.492 
578 1527.22 29.5317 13.7767 
579 1518.37 29.7119 14.0474 
580 1509.42 29.8871 14.3041 
581 1500.37 30.0572 14.5465 
582 1491.24 30.2217 14.7744 
583 1482.02 30.3803 14.9877 
584 1472.72 30.5328 15.1861 
585 1463.35 30.6787 15.3696 
586 1453.91 30.8177 15.538 
587 1444.42 30.9495 15.691 
588 1434.87 31.0737 15.8285 
589 1425.29 31.1901 15.9503 
590 1415.66 31.2981 16.0562 
591 1406 31.3975 16.1461 
592 1396.32 31.4879 16.2198 
593 1386.62 31.569 16.277 
594 1376.92 31.6403 16.3176 
595 1367.21 31.7015 16.3415 
596 1357.51 31.7522 16.3484 
597 1347.82 31.792 16.3381 
598 1338.15 31.8206 16.3105 
599 1328.51 31.8375 16.2654 
600 1318.91 31.8424 16.2025 
601 1309.35 31.8348 16.1218 
602 1299.84 31.8151 16.0233 
603 1290.38 31.7833 15.9071 
604 1280.98 31.7397 15.7734 
605 1271.62 31.6845 15.6222 
606 1262.33 31.6179 15.4537 
607 1253.1 31.5402 15.2679 
608 1243.94 31.4516 15.0651 
609 1234.84 31.3523 14.8454 
610 1225.82 31.2426 14.6088 
611 1216.87 31.1227 14.3555 
612 1208 30.9929 14.0858 
613 1199.21 30.8534 13.7996 
614 1190.5 30.7045 13.4972 
615 1181.88 30.5464 13.1786 
616 1173.36 30.3794 12.8442 
617 1164.92 30.2039 12.4939 
618 1156.58 30.0199 12.1281 
619 1148.35 29.8279 11.7468 
620 1140.22 29.6281 11.3501 
621 1132.19 29.4209 10.9384 
622 1124.28 29.2064 10.5117 
623 1116.48 28.985 10.0703 
624 1108.8 28.757 9.61428 
625 1101.25 28.5227 9.14386 
626 1093.81 28.2825 8.65922 
627 1086.51 28.0365 8.16056 
628 1079.34 27.7852 7.64809 
629 1072.3 27.5289 7.12198 
630 1065.41 27.2678 6.58246 
631 1058.65 27.0024 6.02972 
632 1052.05 26.733 5.46398 
633 1045.6 26.4598 4.88544 
634 1039.3 26.1833 4.29433 
635 1033.16 25.9039 3.69087 
636 1027.18 25.6217 3.07528 
637 1021.37 25.3373 2.4478 
638 1015.74 25.051 1.80864 
639 1010.27 24.7631 1.15806 
640 1004.99 24.474 0.496281 
641 999.885 24.1842 -0.176444 
642 994.969 23.8939 -0.859869 
643 990.245 23.6036 -1.55374 
644 985.716 23.3137 -2.25781 
645 981.386 23.0245 -2.97182 
646 977.26 22.7365 -3.6955 
647 973.341 22.4501 -4.42858 
648 969.635 22.1656 -5.17081 
649 966.145 21.8836 -5.9219 
650 962.876 21.6043 -6.68157 
651 959.831 21.3282 -7.44955 
652 957.011 21.0555 -8.22563 
653 954.416 20.786 -9.00958 
654 952.044 20.5198 -9.80119 
655 949.896 20.2569 -10.6002 
656 947.97 19.9974 -11.4065 
657 946.267 19.7413 -12.2197 
658 944.786 19.4887 -13.0397 
659 943.527 19.2394 -13.8662 
660 942.488 18.9936 -14.6989 
661 941.669 18.7513 -15.5377 
662 941.069 18.5125 -16.3823 
663 940.689 18.2772 -17.2325 
664 940.526 18.0454 -18.0879 
665 940.58 17.8172 -18.9484 
666 940.851 17.5926 -19.8136 
667 941.338 17.3716 -20.6834 
668 942.04 17.1543 -21.5575 
669 942.956 16.9406 -22.4355 
670 944.085 16.7306 -23.3173 
671 945.426 16.5243 -24.2025 
672 946.978 16.3217 -25.0909 
673 948.741 16.1228 -25.9822 
674 950.714 15.9277 -26.8761 
675 952.895 15.7364 -27.7723 
676 955.283 15.549 -28.6706 
677 957.877 15.3653 -29.5706 
678 960.677 15.1855 -30.4721 
679 963.681 15.0095 -31.3747 
680 966.887 14.8375 -32.2781 
681 970.295 14.6693 -33.1821 
682 973.904 14.5051 -34.0864 
683 977.712 14.3449 -34.9905 
684 981.718 14.1886 -35.8943 
685 985.921 14.0363 -36.7973 
686 990.319 13.888 -37.6993 
687 994.911 13.7438 -38.5999 
688 999.695 13.6036 -39.4988 
689 1004.67 13.4674 -40.3957 
690 1009.84 13.3354 -41.2902 
691 1015.19 13.2075 -42.182 
692 1020.73 13.0837 -43.0708 
693 1026.45 12.964 -43.9561 
694 1032.36 12.8485 -44.8377 
695 1038.45 12.7372 -45.7152 
696 1044.72 12.6301 -46.5882 
697 1051.17 12.5273 -47.4563 
698 1057.8 12.4286 -48.3193 
699 1064.6 12.3343 -49.1767 
700 1071.58 12.2442 -50.0282 
701 1078.72 12.1584 -50.8734 
702 1086.04 12.0768 -51.7121 
703 1093.52 11.9993 -52.5441 
704 1101.16 11.9258 -53.3694 
705 1108.96 11.8563 -54.1877 
706 1116.92 11.7906 -54.9989 
707 1125.03 11.7286 -55.8027 
708 1133.29 11.6703 -56.5991 
709 1141.7 11.6155 -57.3879 
710 1150.25 11.5642 -58.1689 
711 1158.94 11.5162 -58.9419 
712 1167.76 11.4715 -59.7067 
713 1176.72 11.4299 -60.4632 
714 1185.8 11.3914 -61.2113 
715 1195.02 11.3557 -61.9506 
716 1204.35 11.3229 -62.6812 
717 1213.8 11.2928 -63.4027 
718 1223.36 11.2653 -64.115 
719 1233.04 11.2403 -64.8179 
720 1242.82 11.2177 -65.5112 
721 1252.7 11.1973 -66.1948 
722 1262.68 11.179 -66.8685 
723 1272.76 11.1628 -67.532 
724 1282.93 11.1485 -68.1853 
725 1293.18 11.1359 -68.828 
726 1303.52 11.125 -69.4601 
727 1313.93 11.1157 -70.0813 
728 1324.42 11.1077 -70.6915 
729 1334.97 11.1011 -71.2904 
730 1345.59 11.0956 -71.8778 
731 1356.28 11.0911 -72.4536 
732 1367.02 11.0875 -73.0175 
733 1377.81 11.0846 -73.5695 
734 1388.64 11.0824 -74.1092 
735 1399.52 11.0807 -74.6364 
736 1410.44 11.0793 -75.151 
737 1421.39 11.0781 -75.6528 
738 1432.37 11.077 -76.1415 
739 1443.37 11.0758 -76.617 
740 1454.39 11.0744 -77.079 
741 1465.43 11.0726 -77.5274 
742 1476.47 11.0703 -77.9619 
743 1487.52 11.0673 -78.3823 
744 1498.57 11.0636 -78.7884 
745 1509.61 11.0589 -79.18 
746 1520.64 11.053 -79.5569 
747 1531.65 11.0459 -79.9188 
748 1542.64 11.0374 -80.2656 
749 1553.6 11.0273 -80.597 
750 1564.53 11.0154 -80.9128 
751 1575.42 11.0016 -81.2129 
752 1586.27 10.986 -81.4972 
753 1597.08 10.9685 -81.7657 
754 1607.84 10.9492 -82.0185 
755 1618.54 10.928 -82.2557 
756 1629.19 10.905 -82.4771 
757 1639.78 10.8803 -82.683 
758 1650.31 10.8538 -82.8733 
759 1660.77 10.8255 -83.0481 
760 1671.16 10.7956 -83.2073 
761 1681.48 10.7639 -83.3512 
762 1691.72 10.7306 -83.4796 
763 1701.88 10.6957 -83.5926 
764 1711.95 10.6591 -83.6904 
765 1721.94 10.6209 -83.7728 
766 1731.83 10.5812 -83.8401 
767 1741.63 10.5399 -83.8922 
768 1751.33 10.4971 -83.9292 
769 1760.92 10.4529 -83.9511 
770 1770.41 10.4071 -83.958 
771 1779.78 10.3599 -83.9499 
772 1789.04 10.3113 -83.927 
773 1798.18 10.2613 -83.8893 
774 1807.2 10.21 -83.8367 
775 1816.08 10.1573 -83.7695 
776 1824.83 10.1034 -83.6876 
777 1833.45 10.0481 -83.5912 
778 1841.93 9.99167 -83.4802 
779 1850.26 9.93398 -83.3548 
780 1858.44 9.87511 -83.215 
781 1866.47 9.81509 -83.061 
782 1874.34 9.75395 -82.8927 
783 1882.04 9.69172 -82.7102 
784 1889.58 9.62843 -82.5137 
785 1896.95 9.56411 -82.3032 
786 1904.14 9.4988 -82.0788 
787 1911.16 9.43253 -81.8405 
788 1917.98 9.36532 -81.5885 
789 1924.62 9.29723 -81.3228 
790 1931.06 9.22826 -81.0436 
791 1937.31 9.15848 -80.7508 
792 1943.35 9.08789 -80.4446 
793 1949.18 9.01655 -80.1251 
794 1954.8 8.94448 -79.7924 
795 1960.2 8.87173 -79.4466 
796 1965.38 8.79832 -79.0877 
797 1970.33 8.7243 -78.7159 
798 1975.04 8.64969 -78.3313 
799 1979.52 8.57455 -77.9339 
800 1983.76 8.49889 -77.5239 
801 1987.75 8.42277 -77.1013 
802 1991.49 8.34622 -76.6665 
803 1994.98 8.26926 -76.2195 
804 1998.23 8.19193 -75.7607 
805 2001.23 8.11427 -75.2902 
806 2003.98 8.0363 -74.8082 
807 2006.49 7.95807 -74.3151 
808 2008.75 7.8796 -73.8109 
809 2010.76 7.80093 -73.296 
810 2012.53 7.7221 -72.7706 
811 2014.05 7.64314 -72.235 
812 2015.33 7.56408 -71.6893 
813 2016.36 7.48497 -71.1338 
814 2017.15 7.40583 -70.5687 
815 2017.7 7.32672 -69.9944 
816 2018 7.24765 -69.411 
817 2018.06 7.16867 -68.8189 
818 2017.87 7.08983 -68.2182 
819 2017.44 7.01114 -67.6093 
820 2016.78 6.93267 -66.9923 
821 2015.87 6.85443 -66.3676 
822 2014.71 6.77648 -65.7355 
823 2013.32 6.69885 -65.0962 
824 2011.69 6.62158 -64.4499 
825 2009.82 6.54471 -63.7971 
826 2007.71 6.46829 -63.1378 
827 2005.37 6.39235 -62.4725 
828 2002.78 6.31693 -61.8014 
829 1999.96 6.24208 -61.1249 
830 1996.9 6.16784 -60.4431 
831 1993.61 6.09425 -59.7564 
832 1990.08 6.02135 -59.0651 
833 1986.32 5.94919 -58.3695 
834 1982.32 5.87781 -57.6699 
835 1978.09 5.80725 -56.9667 
836 1973.63 5.73756 -56.26 
837 1968.94 5.66878 -55.5503 
838 1964.02 5.60096 -54.8379 
839 1958.86 5.53415 -54.123 
840 1953.48 5.46838 -53.4061 
841 1947.87 5.4037 -52.6873 
842 1942.04 5.34017 -51.9671 
843 1935.97 5.27782 -51.2459 
844 1929.69 5.21671 -50.5238 
845 1923.17 5.15688 -49.8013 
846 1916.44 5.09838 -49.0787 
847 1909.48 5.04126 -48.3564 
848 1902.3 4.98557 -47.6347 
849 1894.9 4.93135 -46.9139 
850 1887.27 4.87866 -46.1944 
851 1879.44 4.82753 -45.4766 
852 1871.38 4.77798 -44.7606 
853 1863.12 4.72999 -44.0466 
854 1854.64 4.68357 -43.3348 
855 1845.97 4.63872 -42.6253 
856 1837.1 4.59542 -41.9184 
857 1828.03 4.55369 -41.2141 
858 1818.77 4.5135 -40.5128 
859 1809.32 4.47486 -39.8144 
860 1799.7 4.43777 -39.1193 
861 1789.89 4.40222 -38.4276 
862 1779.92 4.36821 -37.7395 
863 1769.77 4.33573 -37.0552 
864 1759.46 4.30478 -36.3748 
865 1748.99 4.27535 -35.6986 
866 1738.36 4.24745 -35.0267 
867 1727.59 4.22106 -34.3593 
868 1716.66 4.19618 -33.6966 
869 1705.6 4.1728 -33.0389 
870 1694.4 4.15093 -32.3862 
871 1683.07 4.13055 -31.7388 
872 1671.61 4.11167 -31.0969 
873 1660.03 4.09426 -30.4607 
874 1648.33 4.07834 -29.8304 
875 1636.52 4.0639 -29.2061 
876 1624.6 4.05092 -28.5881 
877 1612.58 4.0394 -27.9767 
878 1600.46 4.02934 -27.3719 
879 1588.26 4.02073 -26.774 
880 1575.96 4.01356 -26.1832 
881 1563.59 4.00784 -25.5997 
882 1551.13 4.00354 -25.0238 
883 1538.61 4.00067 -24.4555 
884 1526.03 3.99922 -23.8953 
885 1513.38 3.99917 -23.3432 
886 1500.68 4.00054 -22.7995 
887 1487.93 4.0033 -22.2644 
888 1475.14 4.00745 -21.7381 
889 1462.31 4.01298 -21.2208 
890 1449.45 4.01988 -20.7128 
891 1436.57 4.02816 -20.2143 
892 1423.66 4.03779 -19.7255 
893 1410.74 4.04878 -19.2467 
894 1397.82 4.0611 -18.778 
895 1384.89 4.07477 -18.3197 
896 1371.97 4.08976 -17.8721 
897 1359.05 4.10607 -17.4353 
898 1346.16 4.12369 -17.0096 
899 1333.28 4.14261 -16.5953 
900 1320.44 4.16283 -16.1925 
901 1307.63 4.18432 -15.8015 
902 1294.86 4.20709 -15.4223 
903 1282.12 4.23112 -15.055 
904 1269.43 4.2564 -14.6995 
905 1256.79 4.28291 -14.356 
906 1244.19 4.31065 -14.0244 
907 1231.63 4.3396 -13.7047 
908 1219.13 4.36975 -13.3969 
909 1206.68 4.40108 -13.1011 
910 1194.29 4.43359 -12.8173 
911 1181.95 4.46725 -12.5455 
912 1169.67 4.50206 -12.2857 
913 1157.46 4.53801 -12.038 
914 1145.31 4.57507 -11.8023 
915 1133.23 4.61324 -11.5787 
916 1121.21 4.6525 -11.3671 
917 1109.27 4.69284 -11.1677 
918 1097.4 4.73424 -10.9803 
919 1085.6 4.77669 -10.8051 
920 1073.89 4.82017 -10.6421 
921 1062.25 4.86467 -10.4911 
922 1050.7 4.91018 -10.3524 
923 1039.24 4.95668 -10.2258 
924 1027.86 5.00415 -10.1114 
925 1016.58 5.05258 -10.0092 
926 1005.39 5.10195 -9.91925 
927 994.289 5.15225 -9.84149 
928 983.292 5.20346 -9.77596 
929 972.395 5.25556 -9.72268 
930 961.602 5.30854 -9.68164 
931 950.915 5.36239 -9.65286 
932 940.338 5.41708 -9.63635 
933 929.871 5.4726 -9.63212 
934 919.519 5.52893 -9.64017 
935 909.284 5.58606 -9.6605 
936 899.168 5.64396 -9.69313 
937 889.174 5.70262 -9.73807 
938 879.305 5.76202 -9.79531 
939 869.564 5.82215 -9.86486 
940 859.953 5.88299 -9.94673 
941 850.475 5.94451 -10.0409 
942 841.133 6.0067 -10.1474 
943 831.93 6.06954 -10.2663 
944 822.868 6.13301 -10.3975 
945 813.951 6.1971 -10.541 
946 805.18 6.26178 -10.6968 
947 796.56 6.32704 -10.865 
948 788.093 6.39285 -11.0455 
949 779.782 6.45919 -11.2384 
950 771.629 6.52605 -11.4436 
951 763.637 6.59341 -11.6611 
952 755.807 6.66125 -11.8908 
953 748.139 6.72957 -12.1327 
954 740.631 6.79836 -12.3865 
955 733.284 6.8676 -12.6521 
956 726.097 6.93728 -12.9295 
957 719.07 7.0074 -13.2185 
958 712.203 7.07794 -13.5189 
959 705.496 7.1489 -13.8307 
960 698.948 7.22026 -14.1538 
961 692.559 7.29201 -14.4878 
962 686.328 7.36414 -14.8329 
963 680.256 7.43664 -15.1887 
964 674.341 7.5095 -15.5552 
965 668.584 7.58271 -15.9323 
966 662.984 7.65625 -16.3197 
967 657.541 7.73012 -16.7174 
968 652.254 7.8043 -17.1252 
969 647.124 7.87878 -17.5429 
970 642.148 7.95356 -17.9705 
971 637.328 8.02861 -18.4077 
972 632.663 8.10393 -18.8545 
973 628.151 8.1795 -19.3106 
974 623.794 8.25531 -19.776 
975 619.59 8.33135 -20.2504 
976 615.539 8.40761 -20.7337 
977 611.64 8.48408 -21.2257 
978 607.893 8.56074 -21.7263 
979 604.297 8.63758 -22.2354 
980 600.852 8.71458 -22.7527 
981 597.558 8.79174 -23.2782 
982 594.413 8.86904 -23.8115 
983 591.418 8.94647 -24.3527 
984 588.571 9.02401 -24.9014 
985 585.873 9.10166 -25.4576 
986 583.322 9.17939 -26.021 
987 580.918 9.2572 -26.5915 
988 578.66 9.33507 -27.169 
989 576.549 9.41299 -27.7531 
990 574.582 9.49094 -28.3438 
991 572.76 9.56891 -28.9409 
992 571.082 9.64689 -29.5442 
993 569.547 9.72486 -30.1535 
994 568.154 9.8028 -30.7686 
995 566.904 9.88071 -31.3894 
996 565.795 9.95857 -32.0156 
997 564.826 10.0364 -32.6471 
998 563.997 10.1141 -33.2836 
999 563.307 10.1917 -33.9251 
1000 562.756 10.2692 -34.5712 
1001 562.342 10.3466 -35.2218 
1002 562.064 10.4238 -35.8767 
1003 561.919 10.5009 -36.5357 
1004 561.906 10.5778 -37.1986 
1005 562.023 10.6545 -37.8652 
1006 562.267 10.731 -38.5354 
1007 562.637 10.8073 -39.2089 
1008 563.13 10.8833 -39.8855 
1009 563.744 10.9591 -40.565 
1010 564.477 11.0346 -41.2473 
1011 565.327 11.1098 -41.932 
1012 566.292 11.1847 -42.6191 
1013 567.369 11.2592 -43.3083 
1014 568.557 11.3334 -43.9994 
1015 569.853 11.4073 -44.6921 
1016 571.254 11.4807 -45.3864 
1017 572.759 11.5537 -46.0818 
1018 574.364 11.6264 -46.7784 
1019 576.069 11.6985 -47.4757 
1020 577.87 11.7702 -48.1737 
1021 579.765 11.8415 -48.872 
1022 581.752 11.9122 -49.5705 
1023 583.827 11.9824 -50.2689 
1024 585.99 12.052 -50.967 
1025 588.237 12.1212 -51.6646 
1026 590.565 12.1897 -52.3615 
1027 592.973 12.2576 -53.0574 
1028 595.457 12.3249 -53.752 
1029 598.016 12.3916 -54.4453 
1030 600.646 12.4576 -55.1368 
1031 603.345 12.523 -55.8264 
1032 606.11 12.5876 -56.5138 
1033 608.939 12.6515 -57.1989 
1034 611.828 12.7147 -57.8813 
1035 614.777 12.7771 -58.5608 
1036 617.78 12.8388 -59.2371 
1037 620.837 12.8996 -59.9101 
1038 623.943 12.9596 -60.5794 
1039 627.097 13.0188 -61.2448 
1040 630.295 13.0771 -61.9061 
1041 633.535 13.1345 -62.563 
1042 636.813 13.191 -63.2152 
1043 640.127 13.2466 -63.8625 
1044 643.474 13.3012 -64.5046 
1045 646.852 13.3548 -65.1413 
1046 650.256 13.4075 -65.7723 
1047 653.684 13.4591 -66.3973 
1048 657.134 13.5097 -67.016 
1049 660.601 13.5592 -67.6283 
1050 664.084 13.6076 -68.2337 
1051 667.578 13.6549 -68.8322 
1052 671.083 13.7011 -69.4234 
1053 674.596 13.7461 -70.0073 
1054 678.114 13.7901 -70.5837 
1055 681.637 13.8328 -71.1526 
1056 685.162 13.8744 -71.7138 
1057 688.687 13.9148 -72.267 
1058 692.21 13.9541 -72.8123 
1059 695.729 13.9921 -73.3495 
1060 699.242 14.0289 -73.8784 
1061 702.747 14.0645 -74.3989 
1062 706.242 14.0989 -74.9109 
1063 709.724 14.132 -75.4142 
1064 713.192 14.1639 -75.9087 
1065 716.643 14.1945 -76.3942 
1066 720.076 14.2239 -76.8706 
1067 723.487 14.252 -77.3378 
1068 726.876 14.2787 -77.7956 
1069 730.239 14.3042 -78.2439 
1070 733.574 14.3283 -78.6825 
1071 736.88 14.3511 -79.1112 
1072 740.154 14.3726 -79.53 
1073 743.393 14.3927 -79.9388 
1074 746.596 14.4115 -80.3372 
1075 749.76 14.4288 -80.7253 
1076 752.883 14.4448 -81.1028 
1077 755.963 14.4594 -81.4696 
1078 758.997 14.4726 -81.8255 
1079 761.982 14.4843 -82.1705 
1080 764.917 14.4946 -82.5042 
1081 767.799 14.5035 -82.8267 
1082 770.626 14.5109 -83.1377 
1083 773.395 14.5169 -83.4372 
1084 776.104 14.5213 -83.7248 
1085 778.75 14.5243 -84.0005 
1086 781.331 14.5258 -84.2641 
1087 783.844 14.5257 -84.5155 
1088 786.288 14.5242 -84.7546 
1089 788.658 14.521 -84.981 
1090 790.954 14.5164 -85.1947 
1091 793.172 14.5101 -85.3956 
1092 795.309 14.5023 -85.5834 
1093 797.364 14.4929 -85.7581 
1094 799.333 14.4819 -85.9193 
1095 801.214 14.4692 -86.0671 
1096 803.005 14.455 -86.2011 
1097 804.702 14.4391 -86.3214 
1098 806.303 14.4216 -86.4276 
1099 807.805 14.4023 -86.5196 
1100 809.206 14.3815 -86.5972 
1101 810.504 14.3589 -86.6604 
1102 811.698 14.3346 -86.7092 
1103 812.789 14.3087 -86.7437 
1104 813.777 14.2812 -86.764 
1105 814.663 14.2521 -86.7703 
1106 815.448 14.2213 -86.7627 
1107 816.132 14.189 -86.7413 
1108 816.716 14.1552 -86.7061 
1109 817.2 14.1198 -86.6575 
1110 817.585 14.0829 -86.5953 
1111 817.872 14.0445 -86.5199 
1112 818.06 14.0046 -86.4314 
1113 818.151 13.9633 -86.3297 
1114 818.146 13.9206 -86.2152 
1115 818.044 13.8764 -86.0879 
1116 817.847 13.8309 -85.9479 
1117 817.555 13.784 -85.7954 
1118 817.169 13.7358 -85.6306 
1119 816.689 13.6862 -85.4535 
1120 816.116 13.6353 -85.2643 
1121 815.451 13.5832 -85.0632 
1122 814.694 13.5298 -84.8503 
1123 813.847 13.4752 -84.6257 
1124 812.909 13.4194 -84.3895 
1125 811.882 13.3624 -84.142 
1126 810.766 13.3043 -83.8833 
1127 809.561 13.245 -83.6134 
1128 808.27 13.1846 -83.3327 
1129 806.891 13.1232 -83.0411 
1130 805.427 13.0606 -82.7389 
1131 803.877 12.997 -82.4263 
1132 802.243 12.9325 -82.1033 
1133 800.524 12.8669 -81.7702 
1134 798.723 12.8004 -81.427 
1135 796.84 12.7329 -81.074 
1136 794.875 12.6645 -80.7113 
1137 792.83 12.5953 -80.3391 
1138 790.704 12.5251 -79.9576 
1139 788.5 12.4542 -79.5668 
1140 786.217 12.3824 -79.1671 
1141 783.857 12.3099 -78.7584 
1142 781.42 12.2366 -78.3411 
1143 778.907 12.1626 -77.9153 
1144 776.319 12.0878 -77.4811 
1145 773.657 12.0125 -77.0387 
1146 770.921 11.9364 -76.5883 
1147 768.113 11.8598 -76.1301 
1148 765.234 11.7825 -75.6643 
1149 762.283 11.7048 -75.191 
1150 759.263 11.6264 -74.7104 
1151 756.174 11.5476 -74.2227 
1152 753.017 11.4683 -73.7282 
1153 749.795 11.3886 -73.2269 
1154 746.509 11.3084 -72.7192 
1155 743.161 11.2279 -72.2053 
1156 739.752 11.1471 -71.6854 
1157 736.284 11.0659 -71.1598 
1158 732.76 10.9845 -70.6285 
1159 729.18 10.9028 -70.092 
1160 725.546 10.8209 -69.5504 
1161 721.861 10.7389 -69.0039 
1162 718.126 10.6567 -68.4528 
1163 714.343 10.5744 -67.8973 
1164 710.514 10.492 -67.3377 
1165 706.64 10.4096 -66.7742 
1166 702.724 10.3272 -66.207 
1167 698.767 10.2448 -65.6364 
1168 694.771 10.1626 -65.0626 
1169 690.739 10.0804 -64.4859 
1170 686.671 9.99833 -63.9065 
1171 682.57 9.91647 -63.3247 
1172 678.438 9.83483 -62.7407 
1173 674.277 9.75343 -62.1548 
1174 670.089 9.67233 -61.5672 
1175 665.876 9.59156 -60.9782 
1176 661.639 9.51115 -60.3881 
1177 657.382 9.43115 -59.797 
1178 653.105 9.35159 -59.2054 
1179 648.81 9.2725 -58.6133 
1180 644.501 9.19394 -58.0212 
1181 640.179 9.11593 -57.4292 
1182 635.846 9.03852 -56.8377 
1183 631.504 8.96174 -56.2468 
1184 627.155 8.88564 -55.657 
1185 622.801 8.81025 -55.0684 
1186 618.445 8.73561 -54.4813 
1187 614.089 8.66177 -53.896 
1188 609.734 8.58876 -53.3129 
1189 605.384 8.51663 -52.7321 
1190 601.04 8.44542 -52.1539 
1191 596.704 8.37516 -51.5787 
1192 592.379 8.30591 -51.0068 
1193 588.066 8.23769 -50.4383 
1194 583.769 8.17056 -49.8736 
1195 579.489 8.10455 -49.3131 
1196 575.229 8.03971 -48.7569 
1197 570.99 7.97608 -48.2055 
1198 566.776 7.9137 -47.659 
1199 562.589 7.85262 -47.1178 
1200 558.43 7.79288 -46.5822 
1201 554.303 7.73452 -46.0525 
1202 550.207 7.67755 -45.5287 
1203 546.144 7.622 -45.0111 
1204 542.114 7.56788 -44.4997 
1205 538.119 7.51519 -43.9945 
1206 534.158 7.46396 -43.4958 
1207 530.232 7.41419 -43.0036 
1208 526.343 7.36591 -42.518 
1209 522.49 7.31913 -42.0391 
1210 518.675 7.27386 -41.5671 
1211 514.899 7.23011 -41.102 
1212 511.161 7.18791 -40.6439 
1213 507.463 7.14726 -40.1929 
1214 503.805 7.10818 -39.7492 
1215 500.189 7.07068 -39.3129 
1216 496.614 7.03479 -38.8841 
1217 493.082 7.00051 -38.4628 
1218 489.594 6.96786 -38.0492 
1219 486.149 6.93685 -37.6434 
1220 482.749 6.9075 -37.2455 
1221 479.395 6.87983 -36.8556 
1222 476.088 6.85384 -36.4739 
1223 472.827 6.82956 -36.1004 
1224 469.615 6.807 -35.7352 
1225 466.45 6.78617 -35.3786 
1226 463.336 6.7671 -35.0305 
1227 460.271 6.74979 -34.6911 
1228 457.258 6.73426 -34.3605 
1229 454.296 6.72053 -34.0388 
1230 451.387 6.70861 -33.7262 
1231 448.531 6.69852 -33.4227 
1232 445.729 6.69027 -33.1285 
1233 442.982 6.68388 -32.8437 
1234 440.291 6.67937 -32.5683 
1235 437.656 6.67675 -32.3027 
1236 435.079 6.67603 -32.0467 
1237 432.56 6.67724 -31.8007 
1238 430.099 6.68039 -31.5646 
1239 427.699 6.68549 -31.3386 
1240 425.359 6.69256 -31.1228 
1241 423.08 6.70163 -30.9174 
1242 420.864 6.71269 -30.7224 
1243 418.71 6.72577 -30.5381 
1244 416.621 6.74089 -30.3644 
1245 414.596 6.75807 -30.2016 
1246 412.637 6.77731 -30.0498 
1247 410.744 6.79864 -29.909 
1248 408.918 6.82207 -29.7794 
1249 407.161 6.84762 -29.6612 
1250 405.472 6.87531 -29.5545 
1251 403.854 6.90514 -29.4593 
1252 402.304 6.93711 -29.3756 
1253 400.824 6.9712 -29.3033 
1254 399.412 7.00738 -29.2425 
1255 398.068 7.04566 -29.193 
1256 396.792 7.086 -29.1547 
1257 395.583 7.12838 -29.1276 
1258 394.44 7.1728 -29.1117 
1259 393.364 7.21923 -29.1067 
1260 392.354 7.26766 -29.1128 
1261 391.409 7.31806 -29.1297 
1262 390.529 7.37042 -29.1575 
1263 389.713 7.42471 -29.196 
1264 388.961 7.48093 -29.2452 
1265 388.272 7.53905 -29.3049 
1266 387.646 7.59905 -29.3753 
1267 387.083 7.66091 -29.456 
1268 386.582 7.72461 -29.5471 
1269 386.141 7.79014 -29.6486 
1270 385.762 7.85747 -29.7602 
1271 385.443 7.92658 -29.882 
1272 385.184 7.99746 -30.0138 
1273 384.984 8.07008 -30.1556 
1274 384.842 8.14442 -30.3073 
1275 384.759 8.22047 -30.4688 
1276 384.734 8.29819 -30.64 
1277 384.765 8.37757 -30.8209 
1278 384.853 8.4586 -31.0113 
1279 384.998 8.54124 -31.2112 
1280 385.197 8.62547 -31.4205 
1281 385.452 8.71128 -31.6391 
1282 385.76 8.79865 -31.8669 
1283 386.123 8.88754 -32.1038 
1284 386.538 8.97794 -32.3498 
1285 387.006 9.06983 -32.6047 
1286 387.526 9.16318 -32.8684 
1287 388.097 9.25797 -33.1409 
1288 388.719 9.35418 -33.4221 
1289 389.392 9.45179 -33.7119 
1290 390.113 9.55077 -34.0102 
1291 390.884 9.65109 -34.3168 
1292 391.703 9.75274 -34.6318 
1293 392.569 9.85569 -34.9549 
1294 393.483 9.95992 -35.2862 
1295 394.443 10.0654 -35.6254 
1296 395.449 10.1721 -35.9726 
1297 396.5 10.28 -36.3276 
1298 397.595 10.3891 -36.6902 
1299 398.734 10.4994 -37.0605 
1300 399.917 10.6108 -37.4383 
1301 401.142 10.7233 -37.8235 
1302 402.408 10.8368 -38.2159 
1303 403.714 10.9514 -38.6154 
1304 405.06 11.0669 -39.0216 
1305 406.444 11.1834 -39.4345 
1306 407.865 11.3008 -39.8537 
1307 409.322 11.419 -40.2792 
1308 410.813 11.5381 -40.7107 
1309 412.338 11.6579 -41.148 
1310 413.896 11.7784 -41.591 
1311 415.485 11.8996 -42.0393 
1312 417.105 12.0214 -42.4927 
1313 418.753 12.1438 -42.9512 
1314 420.43 12.2667 -43.4144 
1315 422.133 12.3901 -43.8822 
1316 423.861 12.514 -44.3543 
1317 425.614 12.6383 -44.8306 
1318 427.391 12.7629 -45.3107 
1319 429.189 12.8879 -45.7945 
1320 431.007 13.0131 -46.2818 
1321 432.846 13.1385 -46.7724 
1322 434.702 13.264 -47.2659 
1323 436.576 13.3897 -47.7623 
1324 438.466 13.5155 -48.2612 
1325 440.37 13.6413 -48.7625 
1326 442.287 13.767 -49.2659 
1327 444.216 13.8927 -49.7712 
1328 446.156 14.0182 -50.2781 
1329 448.106 14.1436 -50.7865 
1330 450.063 14.2687 -51.296 
1331 452.028 14.3936 -51.8066 
1332 453.998 14.5181 -52.3178 
1333 455.972 14.6423 -52.8295 
1334 457.95 14.766 -53.3415 
1335 459.929 14.8893 -53.8534 
1336 461.908 15.012 -54.3651 
1337 463.886 15.1341 -54.8764 
1338 465.861 15.2556 -55.3869 
1339 467.833 15.3764 -55.8964 
1340 469.799 15.4965 -56.4047 
1341 471.759 15.6157 -56.9115 
1342 473.711 15.7341 -57.4166 
1343 475.654 15.8516 -57.9197 
1344 477.586 15.9682 -58.4206 
1345 479.505 16.0837 -58.919 
1346 481.412 16.1982 -59.4147 
1347 483.303 16.3116 -59.9073 
1348 485.177 16.4237 -60.3967 
1349 487.034 16.5347 -60.8826 
1350 488.871 16.6443 -61.3647 
1351 490.688 16.7526 -61.8427 
1352 492.483 16.8596 -62.3166 
1353 494.256 16.9651 -62.7861 
1354 496.006 17.0692 -63.251 
1355 497.733 17.1718 -63.7113 
1356 499.435 17.2729 -64.1667 
1357 501.113 17.3725 -64.6171 
1358 502.764 17.4705 -65.0623 
1359 504.39 17.5669 -65.5022 
1360 505.988 17.6617 -65.9366 
1361 507.558 17.7548 -66.3653 
1362 509.1 17.8462 -66.7882 
1363 510.613 17.9359 -67.205 
1364 512.096 18.0238 -67.6157 
1365 513.548 18.1099 -68.0201 
1366 514.969 18.1942 -68.4179 
1367 516.357 18.2766 -68.8091 
1368 517.713 18.3572 -69.1933 
1369 519.035 18.4358 -69.5706 
1370 520.323 18.5124 -69.9407 
1371 521.575 18.587 -70.3033 
1372 522.792 18.6596 -70.6584 
1373 523.972 18.7301 -71.0058 
1374 525.115 18.7985 -71.3453 
1375 526.219 18.8647 -71.6767 
1376 527.285 18.9288 -71.9998 
1377 528.311 18.9907 -72.3145 
1378 529.296 19.0503 -72.6206 
1379 530.24 19.1077 -72.9178 
1380 531.143 19.1627 -73.2061 
1381 532.002 19.2153 -73.4852 
1382 532.818 19.2656 -73.7549 
1383 533.589 19.3135 -74.0151 
1384 534.315 19.3588 -74.2656 
1385 534.995 19.4017 -74.5061 
1386 535.629 19.4421 -74.7366 
1387 536.214 19.4798 -74.9567 
1388 536.752 19.515 -75.1664 
1389 537.24 19.5475 -75.3654 
1390 537.677 19.5773 -75.5535 
1391 538.065 19.6044 -75.7306 
1392 538.4 19.6288 -75.8964 
1393 538.683 19.6503 -76.0508 
1394 538.912 19.669 -76.1936 
1395 539.087 19.6848 -76.3245 
1396 539.207 19.6977 -76.4434 
1397 539.271 19.7077 -76.55 
1398 539.279 19.7146 -76.6442 
1399 539.229 19.7186 -76.7258 
1400 539.12 19.7194 -76.7946 
1401 538.952 19.7172 -76.8504 
1402 538.726 19.7119 -76.8933 
1403 538.441 19.7035 -76.9233 
1404 538.099 19.6921 -76.9407 
1405 537.7 19.6778 -76.9455 
1406 537.244 19.6605 -76.9378 
1407 536.733 19.6403 -76.9177 
1408 536.167 19.6172 -76.8854 
1409 535.547 19.5912 -76.841 
1410 534.873 19.5625 -76.7845 
1411 534.146 19.5309 -76.7161 
1412 533.367 19.4966 -76.636 
1413 532.536 19.4596 -76.5442 
1414 531.654 19.42 -76.4408 
1415 530.721 19.3777 -76.326 
1416 529.739 19.3328 -76.1999 
1417 528.708 19.2853 -76.0626 
1418 527.628 19.2353 -75.9142 
1419 526.501 19.1827 -75.755 
1420 525.327 19.1278 -75.5848 
1421 524.106 19.0704 -75.404 
1422 522.84 19.0106 -75.2127 
1423 521.53 18.9484 -75.0109 
1424 520.175 18.884 -74.7988 
1425 518.776 18.8173 -74.5765 
1426 517.335 18.7483 -74.3441 
1427 515.852 18.6771 -74.1019 
1428 514.328 18.6038 -73.8498 
1429 512.763 18.5284 -73.5881 
1430 511.158 18.4508 -73.3169 
1431 509.515 18.3713 -73.0363 
1432 507.833 18.2897 -72.7464 
1433 506.114 18.2061 -72.4474 
1434 504.358 18.1207 -72.1395 
1435 502.566 18.0333 -71.8227 
1436 500.738 17.9441 -71.4972 
1437 498.877 17.8531 -71.1631 
1438 496.981 17.7603 -70.8206 
1439 495.053 17.6658 -70.4698 
1440 493.093 17.5697 -70.1109 
1441 491.101 17.4718 -69.744 
1442 489.079 17.3724 -69.3692 
1443 487.028 17.2715 -68.9867 
1444 484.947 17.169 -68.5967 
1445 482.838 17.065 -68.1993 
1446 480.702 16.9597 -67.7946 
1447 478.54 16.8529 -67.3827 
1448 476.352 16.7448 -66.9639 
1449 474.14 16.6354 -66.5383 
1450 471.903 16.5247 -66.1061 
1451 469.643 16.4129 -65.6673 
1452 467.361 16.2998 -65.2222 
1453 465.058 16.1857 -64.7709 
1454 462.733 16.0705 -64.3136 
1455 460.388 15.9543 -63.8505 
1456 458.023 15.8371 -63.3818 
1457 455.639 15.7191 -62.9076 
1458 453.237 15.6001 -62.4281 
1459 450.817 15.4804 -61.9436 
1460 448.381 15.3599 -61.4541 
1461 445.928 15.2387 -60.9598 
1462 443.46 15.1168 -60.461 
1463 440.977 14.9944 -59.9578 
1464 438.48 14.8714 -59.4505 
1465 435.97 14.7479 -58.9391 
1466 433.447 14.624 -58.4239 
1467 430.912 14.4997 -57.9051 
1468 428.366 14.3751 -57.3828 
1469 425.81 14.2502 -56.8573 
1470 423.244 14.125 -56.3287 
1471 420.669 13.9997 -55.7973 
1472 418.086 13.8743 -55.2631 
1473 415.496 13.7488 -54.7265 
1474 412.899 13.6234 -54.1877 
1475 410.297 13.4979 -53.6467 
1476 407.689 13.3726 -53.1038 
1477 405.077 13.2475 -52.5593 
1478 402.461 13.1226 -52.0132 
1479 399.843 12.998 -51.4659 
1480 397.222 12.8737 -50.9175 
1481 394.601 12.7498 -50.3682 
1482 391.979 12.6264 -49.8182 
1483 389.357 12.5035 -49.2677 
1484 386.737 12.3811 -48.717 
1485 384.118 12.2594 -48.1662 
1486 381.503 12.1384 -47.6155 
1487 378.891 12.0181 -47.0652 
1488 376.284 11.8987 -46.5155 
1489 373.682 11.7801 -45.9665 
1490 371.086 11.6625 -45.4186 
1491 368.497 11.5458 -44.8718 
1492 365.916 11.4302 -44.3265 
1493 363.343 11.3157 -43.7828 
1494 360.78 11.2024 -43.241 
1495 358.227 11.0904 -42.7012 
1496 355.685 10.9796 -42.1638 
1497 353.156 10.8702 -41.6288 
1498 350.639 10.7623 -41.0966 
1499 348.136 10.6558 -40.5673 
1500 345.648 10.5509 -40.0413 
1501 343.175 10.4476 -39.5186 
1502 340.718 10.346 -38.9994 
1503 338.276 10.246 -38.4838 
1504 335.851 10.1477 -37.9719 
1505 333.443 10.0511 -37.4638 
1506 331.051 9.95624 -36.9595 
1507 328.675 9.86315 -36.4591 
1508 326.317 9.77185 -35.9628 
1509 323.976 9.68234 -35.4706 
1510 321.653 9.59467 -34.9826 
1511 319.348 9.50884 -34.4989 
1512 317.06 9.42489 -34.0197 
1513 314.791 9.34284 -33.5449 
1514 312.54 9.26271 -33.0747 
1515 310.307 9.18453 -32.6092 
1516 308.094 9.10831 -32.1484 
1517 305.9 9.03409 -31.6925 
1518 303.725 8.96189 -31.2416 
1519 301.57 8.89174 -30.7957 
1520 299.435 8.82364 -30.355 
1521 297.32 8.75764 -29.9196 
1522 295.225 8.69376 -29.4894 
1523 293.151 8.63201 -29.0647 
1524 291.097 8.57243 -28.6456 
1525 289.065 8.51504 -28.232 
1526 287.054 8.45986 -27.8242 
1527 285.064 8.40692 -27.4223 
1528 283.097 8.35625 -27.0262 
1529 281.151 8.30786 -26.6362 
1530 279.228 8.26179 -26.2523 
1531 277.327 8.21806 -25.8746 
1532 275.449 8.1767 -25.5033 
1533 273.594 8.13773 -25.1383 
1534 271.762 8.10117 -24.7799 
1535 269.954 8.06706 -24.4282 
1536 268.169 8.03541 -24.0831 
1537 266.409 8.00626 -23.7449 
1538 264.672 7.97963 -23.4136 
1539 262.961 7.95554 -23.0894 
1540 261.274 7.93403 -22.7722 
1541 259.612 7.91511 -22.4624 
1542 257.976 7.89882 -22.1599 
1543 256.365 7.88518 -21.8648 
1544 254.78 7.87422 -21.5773 
1545 253.221 7.86597 -21.2974 
1546 251.688 7.86044 -21.0254 
1547 250.182 7.85767 -20.7612 
1548 248.703 7.85769 -20.5049 
1549 247.251 7.86053 -20.2568 
1550 245.826 7.8662 -20.0169 
1551 244.429 7.87473 -19.7852 
1552 243.059 7.8861 -19.5619 
1553 241.717 7.90029 -19.3467 
1554 240.401 7.91728 -19.1397 
1555 239.113 7.93705 -18.9409 
1556 237.851 7.95957 -18.7502 
1557 236.616 7.98481 -18.5675 
1558 235.407 8.01275 -18.3928 
1559 234.224 8.04338 -18.2261 
1560 233.066 8.07665 -18.0673 
1561 231.935 8.11256 -17.9165 
1562 230.829 8.15107 -17.7734 
1563 229.748 8.19216 -17.6382 
1564 228.692 8.23581 -17.5107 
1565 227.661 8.28199 -17.3909 
1566 226.654 8.33067 -17.2788 
1567 225.672 8.38183 -17.1742 
1568 224.714 8.43545 -17.0773 
1569 223.779 8.49149 -16.9879 
1570 222.869 8.54993 -16.9059 
1571 221.982 8.61076 -16.8314 
1572 221.118 8.67393 -16.7642 
1573 220.277 8.73942 -16.7044 
1574 219.459 8.80721 -16.6519 
1575 218.663 8.87728 -16.6066 
1576 217.89 8.94958 -16.5685 
1577 217.139 9.0241 -16.5375 
1578 216.41 9.10081 -16.5137 
1579 215.702 9.17968 -16.4968 
1580 215.016 9.26069 -16.487 
1581 214.351 9.3438 -16.484 
1582 213.706 9.42898 -16.488 
1583 213.083 9.51622 -16.4988 
1584 212.479 9.60548 -16.5164 
1585 211.896 9.69673 -16.5407 
1586 211.333 9.78995 -16.5717 
1587 210.79 9.8851 -16.6093 
1588 210.265 9.98216 -16.6535 
1589 209.761 10.0811 -16.7042 
1590 209.275 10.1819 -16.7613 
1591 208.807 10.2845 -16.8249 
1592 208.358 10.3889 -16.8948 
1593 207.927 10.495 -16.971 
1594 207.514 10.6029 -17.0535 
1595 207.119 10.7125 -17.1422 
1596 206.741 10.8237 -17.237 
1597 206.38 10.9366 -17.3378 
1598 206.036 11.0511 -17.4447 
1599 205.708 11.1672 -17.5575 
1600 205.397 11.2848 -17.6763 
1601 205.102 11.4039 -17.8008 
1602 204.822 11.5245 -17.9311 
1603 204.558 11.6465 -18.067 
1604 204.309 11.7698 -18.2083 
1605 204.074 11.8944 -18.3549 
1606 203.854 12.0202 -18.5066 
1607 203.647 12.1472 -18.6634 
1608 203.454 12.2752 -18.825 
1609 203.275 12.4043 -18.9914 
1610 203.108 12.5344 -19.1624 
1611 202.954 12.6654 -19.3379 
1612 202.811 12.7973 -19.5176 
1613 202.681 12.93 -19.7015 
1614 202.562 13.0633 -19.8895 
1615 202.454 13.1974 -20.0813 
1616 202.356 13.3321 -20.2768 
1617 202.269 13.4673 -20.476 
1618 202.192 13.603 -20.6785 
1619 202.124 13.7391 -20.8844 
1620 202.065 13.8755 -21.0934 
1621 202.015 14.0123 -21.3054 
1622 201.973 14.1492 -21.5202 
1623 201.94 14.2864 -21.7377 
1624 201.914 14.4236 -21.9577 
1625 201.895 14.5608 -22.1801 
1626 201.883 14.698 -22.4047 
1627 201.877 14.8351 -22.6315 
1628 201.878 14.9721 -22.8601 
1629 201.884 15.1088 -23.0904 
1630 201.895 15.2452 -23.3224 
1631 201.911 15.3812 -23.5558 
1632 201.931 15.5168 -23.7905 
1633 201.956 15.6518 -24.0263 
1634 201.984 15.7863 -24.2631 
1635 202.015 15.9202 -24.5007 
1636 202.049 16.0533 -24.7389 
1637 202.085 16.1856 -24.9776 
1638 202.123 16.3171 -25.2166 
1639 202.163 16.4477 -25.4558 
1640 202.204 16.5773 -25.695 
1641 202.245 16.7058 -25.9339 
1642 202.287 16.8332 -26.1725 
1643 202.328 16.9593 -26.4106 
1644 202.369 17.0842 -26.648 
1645 202.409 17.2078 -26.8846 
1646 202.447 17.3299 -27.1201 
1647 202.484 17.4505 -27.3544 
1648 202.518 17.5695 -27.5874 
1649 202.549 17.6869 -27.8188 
1650 202.577 17.8026 -28.0485 
1651 202.602 17.9165 -28.2764 
1652 202.622 18.0286 -28.5022 
1653 202.639 18.1388 -28.7261 
1654 202.652 18.2471 -28.9477 
1655 202.66 18.3536 -29.1672 
1656 202.665 18.4581 -29.3844 
1657 202.665 18.5606 -29.5992 
1658 202.661 18.6611 -29.8115 
1659 202.653 18.7596 -30.0212 
1660 202.64 18.856 -30.2284 
1661 202.622 18.9503 -30.4328 
1662 202.599 19.0425 -30.6344 
1663 202.572 19.1325 -30.8331 
1664 202.54 19.2203 -31.0288 
1665 202.502 19.3059 -31.2215 
1666 202.46 19.3893 -31.411 
1667 202.412 19.4703 -31.5973 
1668 202.359 19.5491 -31.7802 
1669 202.3 19.6255 -31.9598 
1670 202.236 19.6995 -32.1358 
1671 202.166 19.7711 -32.3082 
1672 202.091 19.8402 -32.477 
1673 202.009 19.9069 -32.642 
1674 201.922 19.971 -32.8032 
1675 201.828 20.0326 -32.9603 
1676 201.728 20.0917 -33.1135 
1677 201.622 20.1481 -33.2625 
1678 201.51 20.2018 -33.4073 
1679 201.391 20.2529 -33.5478 
1680 201.265 20.3013 -33.6839 
1681 201.133 20.3469 -33.8155 
1682 200.994 20.3898 -33.9425 
1683 200.848 20.4298 -34.0648 
1684 200.695 20.467 -34.1823 
1685 200.534 20.5013 -34.295 
1686 200.367 20.5327 -34.4027 
1687 200.192 20.5611 -34.5053 
1688 200.009 20.5866 -34.6028 
1689 199.819 20.609 -34.695 
1690 199.622 20.6284 -34.7819 
1691 199.416 20.6447 -34.8633 
1692 199.202 20.6578 -34.9392 
1693 198.981 20.6678 -35.0095 
1694 198.751 20.6746 -35.074 
1695 198.513 20.6782 -35.1327 
1696 198.267 20.6785 -35.1854 
1697 198.012 20.6755 -35.2322 
1698 197.748 20.6692 -35.2728 
1699 197.476 20.6595 -35.3071 
1700 197.195 20.6464 -35.3352 
1701 196.905 20.6299 -35.3568 
1702 196.606 20.6099 -35.3721 
1703 196.299 20.5866 -35.3811 
1704 195.983 20.56 -35.3838 
1705 195.659 20.5301 -35.3804 
1706 195.326 20.497 -35.3709 
1707 194.986 20.4607 -35.3553 
1708 194.638 20.4212 -35.3338 
1709 194.283 20.3786 -35.3063 
1710 193.92 20.333 -35.273 
1711 193.549 20.2844 -35.234 
1712 193.172 20.2327 -35.1892 
1713 192.788 20.1782 -35.1388 
1714 192.397 20.1208 -35.0828 
1715 192 20.0605 -35.0213 
1716 191.597 19.9975 -34.9544 
1717 191.187 19.9317 -34.8821 
1718 190.772 19.8632 -34.8046 
1719 190.35 19.7921 -34.7218 
1720 189.923 19.7183 -34.6338 
1721 189.491 19.642 -34.5408 
1722 189.054 19.5632 -34.4428 
1723 188.611 19.4819 -34.3398 
1724 188.164 19.3982 -34.232 
1725 187.712 19.3121 -34.1193 
1726 187.256 19.2237 -34.002 
1727 186.795 19.133 -33.88 
1728 186.331 19.0401 -33.7534 
1729 185.863 18.945 -33.6223 
1730 185.391 18.8478 -33.4868 
1731 184.915 18.7485 -33.3469 
1732 184.437 18.6472 -33.2028 
1733 183.955 18.5439 -33.0545 
1734 183.47 18.4386 -32.902 
1735 182.983 18.3315 -32.7455 
1736 182.494 18.2225 -32.5851 
1737 182.002 18.1118 -32.4207 
1738 181.508 17.9993 -32.2525 
1739 181.012 17.8852 -32.0806 
1740 180.515 17.7694 -31.9051 
1741 180.016 17.6521 -31.7259 
1742 179.516 17.5332 -31.5433 
1743 179.016 17.4128 -31.3572 
1744 178.514 17.2911 -31.1678 
1745 178.012 17.1679 -30.9751 
1746 177.509 17.0435 -30.7793 
1747 177.007 16.9178 -30.5803 
1748 176.504 16.7908 -30.3783 
1749 176.002 16.6627 -30.1734 
1750 175.5 16.5336 -29.9657 
1751 174.999 16.4033 -29.7552 
1752 174.498 16.2721 -29.542 
1753 173.999 16.1399 -29.3262 
1754 173.501 16.0068 -29.1078 
1755 173.003 15.8729 -28.8871 
1756 172.507 15.7382 -28.6639 
1757 172.012 15.6026 -28.4385 
1758 171.519 15.4664 -28.2109 
1759 171.026 15.3296 -27.9811 
1760 170.536 15.1921 -27.7494 
1761 170.047 15.054 -27.5157 
1762 169.559 14.9154 -27.2801 
1763 169.074 14.7764 -27.0428 
1764 168.59 14.637 -26.8037 
1765 168.108 14.4972 -26.5631 
1766 167.629 14.357 -26.3209 
1767 167.151 14.2167 -26.0773 
1768 166.676 14.0761 -25.8324 
1769 166.203 13.9353 -25.5862 
1770 165.733 13.7945 -25.3388 
1771 165.265 13.6536 -25.0903 
1772 164.8 13.5127 -24.8409 
1773 164.337 13.3718 -24.5905 
1774 163.877 13.231 -24.3393 
1775 163.421 13.0904 -24.0874 
1776 162.967 12.95 -23.8349 
1777 162.516 12.8099 -23.5818 
1778 162.069 12.6701 -23.3283 
1779 161.624 12.5306 -23.0744 
1780 161.184 12.3916 -22.8202 
1781 160.746 12.253 -22.5658 
1782 160.313 12.115 -22.3114 
1783 159.883 11.9775 -22.0569 
1784 159.456 11.8407 -21.8026 
1785 159.034 11.7046 -21.5484 
1786 158.616 11.5692 -21.2945 
1787 158.202 11.4347 -21.0411 
1788 157.792 11.301 -20.788 
1789 157.386 11.1682 -20.5356 
1790 156.984 11.0364 -20.2838 
1791 156.588 10.9056 -20.0328 
1792 156.195 10.7759 -19.7827 
1793 155.808 10.6474 -19.5335 
1794 155.425 10.52 -19.2853 
1795 155.047 10.3939 -19.0384 
1796 154.674 10.2691 -18.7926 
1797 154.307 10.1457 -18.5482 
1798 153.944 10.0238 -18.3053 
1799 153.587 9.90327 -18.0639 
1800 153.235 9.78433 -17.8242 
1801 152.889 9.667 -17.5862 
1802 152.548 9.55129 -17.35 
1803 152.213 9.43722 -17.1156 
1804 151.883 9.32481 -16.8831 
1805 151.559 9.21408 -16.6525 
1806 151.24 9.10505 -16.4238 
1807 150.926 8.99772 -16.1971 
1808 150.617 8.89213 -15.9725 
1809 150.314 8.78828 -15.7499 
1810 150.016 8.68619 -15.5294 
1811 149.723 8.58589 -15.3111 
1812 149.435 8.48739 -15.0949 
1813 149.153 8.39071 -14.881 
1814 148.875 8.29586 -14.6693 
1815 148.602 8.20287 -14.4599 
1816 148.334 8.11175 -14.2529 
1817 148.071 8.02252 -14.0483 
1818 147.813 7.9352 -13.8461 
1819 147.56 7.84981 -13.6464 
1820 147.312 7.76636 -13.4492 
1821 147.068 7.68487 -13.2545 
1822 146.829 7.60537 -13.0624 
1823 146.595 7.52786 -12.873 
1824 146.365 7.45238 -12.6862 
1825 146.14 7.37893 -12.5022 
1826 145.92 7.30754 -12.3209 
1827 145.704 7.23822 -12.1425 
1828 145.492 7.171 -11.9669 
1829 145.285 7.10589 -11.7942 
1830 145.082 7.0429 -11.6244 
1831 144.883 6.98207 -11.4576 
1832 144.689 6.92341 -11.2938 
1833 144.499 6.86694 -11.1331 
1834 144.313 6.81267 -10.9755 
1835 144.131 6.76063 -10.821 
1836 143.953 6.71083 -10.6697 
1837 143.779 6.6633 -10.5217 
1838 143.61 6.61806 -10.377 
1839 143.444 6.57511 -10.2356 
1840 143.282 6.53449 -10.0976 
1841 143.124 6.49622 -9.96294 
1842 142.97 6.4603 -9.83179 
1843 142.819 6.42676 -9.70415 
1844 142.672 6.39563 -9.58006 
1845 142.529 6.36692 -9.45957 
1846 142.39 6.34065 -9.34273 
1847 142.254 6.31684 -9.22957 
1848 142.121 6.29551 -9.12015 
1849 141.992 6.27668 -9.01452 
1850 141.867 6.26037 -8.91271 
1851 141.744 6.2466 -8.81476 
1852 141.625 6.23534 -8.72067 
1853 141.51 6.22658 -8.63041 
1854 141.397 6.2203 -8.54397 
1855 141.287 6.21646 -8.46133 
1856 141.18 6.21506 -8.38246 
1857 141.076 6.21606 -8.30735 
1858 140.975 6.21945 -8.23597 
1859 140.876 6.2252 -8.16831 
1860 140.78 6.23329 -8.10434 
1861 140.686 6.24369 -8.04405 
1862 140.594 6.25639 -7.98742 
1863 140.504 6.27135 -7.93441 
1864 140.417 6.28856 -7.88502 
1865 140.332 6.30799 -7.83922 
1866 140.248 6.32962 -7.79699 
1867 140.166 6.35342 -7.75831 
1868 140.086 6.37937 -7.72316 
1869 140.008 6.40745 -7.69151 
1870 139.931 6.43763 -7.66335 
1871 139.855 6.46989 -7.63865 
1872 139.781 6.5042 -7.61739 
1873 139.707 6.54054 -7.59955 
1874 139.635 6.57888 -7.58511 
1875 139.564 6.6192 -7.57404 
1876 139.494 6.66148 -7.56632 
1877 139.424 6.70568 -7.56193 
1878 139.355 6.75179 -7.56085 
1879 139.286 6.79977 -7.56305 
1880 139.218 6.84961 -7.56851 
1881 139.15 6.90128 -7.5772 
1882 139.083 6.95474 -7.58912 
1883 139.015 7.00998 -7.60422 
1884 138.948 7.06697 -7.62249 
1885 138.88 7.12569 -7.6439 
1886 138.812 7.1861 -7.66844 
1887 138.744 7.24818 -7.69607 
1888 138.675 7.31191 -7.72677 
1889 138.605 7.37725 -7.76052 
1890 138.535 7.44418 -7.79729 
1891 138.464 7.51268 -7.83706 
1892 138.393 7.58272 -7.87981 
1893 138.32 7.65426 -7.9255 
1894 138.246 7.72729 -7.97413 
1895 138.17 7.80177 -8.02565 
1896 138.094 7.87768 -8.08004 
1897 138.015 7.95499 -8.13729 
1898 137.936 8.03367 -8.19736 
1899 137.854 8.11369 -8.26023 
1900 137.771 8.19503 -8.32587 
1901 137.685 8.27766 -8.39425 
1902 137.598 8.3615 -8.4653 
1903 137.508 8.44651 -8.53893 
1904 137.417 8.53262 -8.61507 
1905 137.323 8.61976 -8.69363 
1906 137.227 8.70786 -8.77453 
1907 137.13 8.79688 -8.8577 
1908 137.029 8.88673 -8.94303 
1909 136.927 8.97736 -9.03047 
1910 136.822 9.06869 -9.11991 
1911 136.715 9.16067 -9.21127 
1912 136.606 9.25323 -9.30448 
1913 136.495 9.34629 -9.39945 
1914 136.381 9.4398 -9.49609 
1915 136.264 9.53369 -9.59431 
1916 136.145 9.62789 -9.69404 
1917 136.024 9.72233 -9.79518 
1918 135.9 9.81695 -9.89766 
1919 135.773 9.91168 -10.0014 
1920 135.644 10.0064 -10.1062 
1921 135.512 10.1012 -10.2122 
1922 135.378 10.1958 -10.3191 
1923 135.241 10.2903 -10.4269 
1924 135.101 10.3845 -10.5355 
1925 134.958 10.4784 -10.6448 
1926 134.813 10.572 -10.7548 
1927 134.665 10.6651 -10.8653 
1928 134.514 10.7577 -10.9762 
1929 134.359 10.8497 -11.0875 
1930 134.202 10.941 -11.199 
1931 134.042 11.0316 -11.3107 
1932 133.879 11.1214 -11.4225 
1933 133.713 11.2104 -11.5343 
1934 133.544 11.2983 -11.646 
1935 133.372 11.3853 -11.7575 
1936 133.196 11.4712 -11.8687 
1937 133.018 11.5559 -11.9795 
1938 132.836 11.6394 -12.0898 
1939 132.651 11.7215 -12.1996 
1940 132.462 11.8023 -12.3087 
1941 132.271 11.8816 -12.417 
1942 132.075 11.9594 -12.5245 
1943 131.877 12.0355 -12.631 
1944 131.675 12.11 -12.7365 
1945 131.469 12.1827 -12.8408 
1946 131.26 12.2536 -12.9439 
1947 131.048 12.3226 -13.0457 
1948 130.831 12.3896 -13.146 
1949 130.611 12.4545 -13.2447 
1950 130.388 12.5173 -13.3419 
1951 130.161 12.5778 -13.4373 
1952 129.93 12.6362 -13.531 
1953 129.695 12.6925 -13.6231 
1954 129.457 12.7466 -13.7135 
1955 129.216 12.7987 -13.8023 
1956 128.971 12.8488 -13.8895 
1957 128.722 12.8969 -13.9753 
1958 128.47 12.943 -14.0595 
1959 128.215 12.9873 -14.1422 
1960 127.957 13.0297 -14.2235 
1961 127.695 13.0703 -14.3034 
1962 127.431 13.1091 -14.3819 
1963 127.163 13.1462 -14.4591 
1964 126.892 13.1815 -14.535 
1965 126.618 13.2153 -14.6097 
1966 126.342 13.2474 -14.6831 
1967 126.062 13.278 -14.7553 
1968 125.78 13.307 -14.8263 
1969 125.495 13.3346 -14.8962 
1970 125.207 13.3607 -14.9651 
1971 124.916 13.3854 -15.0329 
1972 124.623 13.4088 -15.0996 
1973 124.328 13.4309 -15.1654 
1974 124.03 13.4517 -15.2302 
1975 123.729 13.4713 -15.2941 
1976 123.426 13.4897 -15.3572 
1977 123.121 13.507 -15.4194 
1978 122.814 13.5232 -15.4808 
1979 122.504 13.5383 -15.5414 
1980 122.192 13.5525 -15.6014 
1981 121.879 13.5657 -15.6606 
1982 121.563 13.578 -15.7191 
1983 121.245 13.5894 -15.7771 
1984 120.925 13.6 -15.8345 
1985 120.604 13.6099 -15.8913 
1986 120.281 13.619 -15.9476 
1987 119.956 13.6274 -16.0035 
1988 119.629 13.6353 -16.0589 
1989 119.301 13.6425 -16.1139 
1990 118.971 13.6492 -16.1686 
1991 118.639 13.6554 -16.223 
1992 118.307 13.6611 -16.2771 
1993 117.973 13.6665 -16.331 
1994 117.637 13.6715 -16.3846 
1995 117.301 13.6762 -16.4382 
1996 116.963 13.6806 -16.4916 
1997 116.624 13.6848 -16.5449 
1998 116.284 13.6889 -16.5981 
1999 115.943 13.6929 -16.6514 
2000 115.601 13.6968 -16.7048 
