2 9.82547
3 15.8645
4 22.9978
5 31.0008
6 39.6058
7 48.5885
8 57.7815
9 67.0652
10 76.3618
11 85.6119
12 94.779
13 103.833
14 112.758
15 121.535
16 130.14
17 138.569
18 146.826
19 154.905
20 162.79
21 170.453
22 177.895
23 185.12
24 192.13
25 198.916
26 205.467
27 211.785
28 217.87
29 223.721
30 229.329
31 234.684
32 239.792
33 244.664
34 249.31
35 253.739
36 257.955
37 261.962
38 265.76
39 269.343
40 272.703
41 275.83
42 278.73
43 281.413
44 283.887
45 286.161
46 288.242
47 290.133
48 291.841
49 293.366
50 294.709
51 295.87
52 296.856
53 297.674
54 298.333
55 298.838
56 299.195
57 299.408
58 299.482
59 299.416
60 299.213
61 298.873
62 298.401
63 297.804
64 297.09
65 296.264
66 295.331
67 294.295
68 293.161
69 291.93
70 290.606
71 289.189
72 287.685
73 286.1
74 284.439
75 282.707
76 280.907
77 279.045
78 277.123
79 275.143
80 273.106
81 271.015
82 268.875
83 266.689
84 264.462
85 262.199
86 259.903
87 257.577
88 255.224
89 252.847
90 250.446
91 248.024
92 245.584
93 243.128
94 240.662
95 238.186
96 235.704
97 233.217
98 230.727
99 228.234
100 225.74
101 223.245
102 220.753
103 218.267
104 215.79
105 213.327
106 210.879
107 208.451
108 206.045
109 203.662
110 201.306
111 198.978
112 196.679
113 194.412
114 192.176
115 189.972
116 187.802
117 185.664
118 183.559
119 181.485
120 179.441
121 177.427
122 175.444
123 173.495
124 171.581
125 169.704
126 167.866
127 166.069
128 164.313
129 162.601
130 160.933
131 159.31
132 157.733
133 156.202
134 154.718
135 153.281
136 151.89
137 150.546
138 149.247
139 147.993
140 146.784
141 145.618
142 144.495
143 143.418
144 142.386
145 141.4
146 140.462
147 139.571
148 138.728
149 137.932
150 137.185
151 136.486
152 135.835
153 135.231
154 134.675
155 134.165
156 133.701
157 133.282
158 132.907
159 132.575
160 132.284
161 132.033
162 131.823
163 131.653
164 131.523
165 131.433
166 131.384
167 131.375
168 131.406
169 131.477
170 131.587
171 131.736
172 131.923
173 132.147
174 132.408
175 132.705
176 133.037
177 133.403
178 133.802
179 134.232
180 134.692
181 135.182
182 135.7
183 136.245
184 136.819
185 137.42
186 138.048
187 138.702
188 139.382
189 140.088
190 140.817
191 141.571
192 142.347
193 143.145
194 143.965
195 144.804
196 145.663
197 146.539
198 147.432
199 148.341
200 149.264
201 150.2
202 151.148
203 152.108
204 153.08
205 154.063
206 155.057
207 156.06
208 157.073
209 158.095
210 159.125
211 160.163
212 161.208
213 162.259
214 163.315
215 164.377
216 165.442
217 166.51
218 167.581
219 168.653
220 169.725
221 170.796
222 171.866
223 172.934
224 173.997
225 175.056
226 176.109
227 177.156
228 178.196
229 179.228
230 180.254
231 181.271
232 182.28
233 183.28
234 184.271
235 185.252
236 186.222
237 187.183
238 188.132
239 189.069
240 189.994
241 190.907
242 191.806
243 192.692
244 193.564
245 194.421
246 195.262
247 196.088
248 196.897
249 197.689
250 198.463
251 199.219
252 199.957
253 200.676
254 201.376
255 202.057
256 202.719
257 203.361
258 203.983
259 204.586
260 205.168
261 205.731
262 206.272
263 206.793
264 207.294
265 207.773
266 208.231
267 208.668
268 209.083
269 209.477
270 209.849
271 210.199
272 210.526
273 210.832
274 211.115
275 211.375
276 211.613
277 211.828
278 212.02
279 212.19
280 212.338
281 212.463
282 212.565
283 212.646
284 212.704
285 212.74
286 212.755
287 212.748
288 212.719
289 212.669
290 212.598
291 212.505
292 212.392
293 212.258
294 212.103
295 211.929
296 211.734
297 211.519
298 211.285
299 211.032
300 210.76
301 210.469
302 210.159
303 209.831
304 209.485
305 209.12
306 208.738
307 208.338
308 207.92
309 207.485
310 207.033
311 206.564
312 206.078
313 205.576
314 205.057
315 204.522
316 203.971
317 203.405
318 202.824
319 202.227
320 201.616
321 200.99
322 200.35
323 199.696
324 199.028
325 198.348
326 197.654
327 196.948
328 196.229
329 195.499
330 194.757
331 194.004
332 193.24
333 192.466
334 191.682
335 190.888
336 190.085
337 189.273
338 188.453
339 187.625
340 186.79
341 185.948
342 185.099
343 184.244
344 183.384
345 182.519
346 181.649
347 180.775
348 179.898
349 179.018
350 178.135
351 177.251
352 176.365
353 175.477
354 174.589
355 173.699
356 172.809
357 171.918
358 171.027
359 170.135
360 169.244
361 168.353
362 167.463
363 166.574
364 165.686
365 164.799
366 163.913
367 163.03
368 162.148
369 161.269
370 160.392
371 159.518
372 158.647
373 157.779
374 156.914
375 156.054
376 155.197
377 154.345
378 153.497
379 152.654
380 151.817
381 150.984
382 150.157
383 149.336
384 148.521
385 147.712
386 146.911
387 146.116
388 145.328
389 144.548
390 143.776
391 143.012
392 142.256
393 141.509
394 140.771
395 140.042
396 139.323
397 138.614
398 137.915
399 137.226
400 136.548
401 135.881
402 135.226
403 134.581
404 133.948
405 133.326
406 132.716
407 132.117
408 131.53
409 130.955
410 130.391
411 129.839
412 129.299
413 128.771
414 128.254
415 127.75
416 127.258
417 126.778
418 126.31
419 125.854
420 125.41
421 124.978
422 124.559
423 124.152
424 123.757
425 123.375
426 123.004
427 122.646
428 122.301
429 121.968
430 121.647
431 121.338
432 121.042
433 120.758
434 120.486
435 120.227
436 119.98
437 119.745
438 119.522
439 119.312
440 119.113
441 118.927
442 118.753
443 118.591
444 118.441
445 118.302
446 118.176
447 118.062
448 117.959
449 117.868
450 117.789
451 117.721
452 117.665
453 117.62
454 117.586
455 117.564
456 117.553
457 117.553
458 117.564
459 117.585
460 117.618
461 117.661
462 117.715
463 117.779
464 117.854
465 117.938
466 118.033
467 118.138
468 118.252
469 118.376
470 118.51
471 118.653
472 118.806
473 118.967
474 119.137
475 119.316
476 119.504
477 119.7
478 119.904
479 120.116
480 120.336
481 120.564
482 120.799
483 121.041
484 121.291
485 121.547
486 121.81
487 122.079
488 122.355
489 122.636
490 122.923
491 123.216
492 123.514
493 123.817
494 124.124
495 124.436
496 124.753
497 125.073
498 125.397
499 125.724
500 126.055
501 126.388
502 126.724
503 127.063
504 127.404
505 127.748
506 128.094
507 128.442
508 128.792
509 129.144
510 129.498
511 129.853
512 130.211
513 130.569
514 130.929
515 131.29
516 131.652
517 132.015
518 132.378
519 132.742
520 133.107
521 133.472
522 133.837
523 134.202
524 134.566
525 134.931
526 135.295
527 135.658
528 136.021
529 136.382
530 136.743
531 137.102
532 137.459
533 137.815
534 138.169
535 138.521
536 138.871
537 139.219
538 139.563
539 139.905
540 140.244
541 140.58
542 140.913
543 141.241
544 141.566
545 141.887
546 142.204
547 142.517
548 142.825
549 143.128
550 143.425
551 143.718
552 144.005
553 144.287
554 144.564
555 144.835
556 145.101
557 145.361
558 145.615
559 145.865
560 146.108
561 146.346
562 146.579
563 146.805
564 147.026
565 147.241
566 147.451
567 147.655
568 147.853
569 148.045
570 148.231
571 148.411
572 148.586
573 148.754
574 148.917
575 149.073
576 149.224
577 149.368
578 149.507
579 149.639
580 149.765
581 149.885
582 149.998
583 150.106
584 150.207
585 150.302
586 150.391
587 150.473
588 150.549
589 150.619
590 150.682
591 150.739
592 150.79
593 150.834
594 150.871
595 150.902
596 150.927
597 150.944
598 150.956
599 150.96
600 150.959
601 150.95
602 150.935
603 150.913
604 150.885
605 150.85
606 150.808
607 150.761
608 150.706
609 150.646
610 150.579
611 150.505
612 150.426
613 150.34
614 150.248
615 150.15
616 150.045
617 149.935
618 149.818
619 149.696
620 149.567
621 149.433
622 149.293
623 149.147
624 148.995
625 148.837
626 148.674
627 148.505
628 148.331
629 148.151
630 147.966
631 147.775
632 147.579
633 147.378
634 147.171
635 146.959
636 146.742
637 146.521
638 146.294
639 146.062
640 145.825
641 145.584
642 145.338
643 145.087
644 144.832
645 144.572
646 144.308
647 144.039
648 143.766
649 143.489
650 143.208
651 142.922
652 142.633
653 142.34
654 142.043
655 141.742
656 141.437
657 141.128
658 140.816
659 140.5
660 140.181
661 139.858
662 139.532
663 139.203
664 138.87
665 138.534
666 138.194
667 137.852
668 137.507
669 137.158
670 136.807
671 136.453
672 136.096
673 135.737
674 135.374
675 135.01
676 134.643
677 134.273
678 133.901
679 133.527
680 133.151
681 132.773
682 132.393
683 132.011
684 131.627
685 131.241
686 130.853
687 130.464
688 130.074
689 129.682
690 129.289
691 128.894
692 128.499
693 128.102
694 127.704
695 127.306
696 126.907
697 126.507
698 126.106
699 125.705
700 125.304
701 124.902
702 124.5
703 124.098
704 123.695
705 123.293
706 122.89
707 122.488
708 122.085
709 121.683
710 121.281
711 120.879
712 120.477
713 120.075
714 119.675
715 119.274
716 118.874
717 118.474
718 118.076
719 117.677
720 117.28
721 116.883
722 116.487
723 116.092
724 115.698
725 115.305
726 114.913
727 114.523
728 114.133
729 113.745
730 113.358
731 112.972
732 112.588
733 112.206
734 111.825
735 111.446
736 111.068
737 110.692
738 110.318
739 109.946
740 109.576
741 109.208
742 108.842
743 108.479
744 108.117
745 107.758
746 107.402
747 107.047
748 106.696
749 106.347
750 106
751 105.657
752 105.316
753 104.978
754 104.643
755 104.31
756 103.981
757 103.654
758 103.331
759 103.01
760 102.692
761 102.378
762 102.066
763 101.758
764 101.452
765 101.15
766 100.851
767 100.555
768 100.262
769 99.9725
770 99.6862
771 99.4032
772 99.1234
773 98.847
774 98.574
775 98.3043
776 98.038
777 97.7751
778 97.5157
779 97.2597
780 97.0073
781 96.7584
782 96.513
783 96.2712
784 96.033
785 95.7985
786 95.5676
787 95.3404
788 95.1168
789 94.897
790 94.681
791 94.4687
792 94.2602
793 94.0556
794 93.8548
795 93.6579
796 93.4649
797 93.2758
798 93.0907
799 92.9095
800 92.7324
801 92.5592
802 92.3901
803 92.225
804 92.0638
805 91.9067
806 91.7535
807 91.6044
808 91.4591
809 91.3178
810 91.1805
811 91.0471
812 90.9176
813 90.792
814 90.6702
815 90.5524
816 90.4384
817 90.3282
818 90.2219
819 90.1194
820 90.0207
821 89.9258
822 89.8347
823 89.7473
824 89.6636
825 89.5837
826 89.5075
827 89.4349
828 89.366
829 89.3008
830 89.2392
831 89.1812
832 89.1268
833 89.0759
834 89.0286
835 88.9849
836 88.9446
837 88.9078
838 88.8745
839 88.8446
840 88.8181
841 88.795
842 88.7753
843 88.7589
844 88.7458
845 88.736
846 88.7295
847 88.7262
848 88.7261
849 88.7292
850 88.7355
851 88.7449
852 88.7573
853 88.7729
854 88.7914
855 88.813
856 88.8374
857 88.8648
858 88.8951
859 88.9281
860 88.964
861 89.0026
862 89.0439
863 89.0879
864 89.1345
865 89.1837
866 89.2354
867 89.2897
868 89.3463
869 89.4054
870 89.4669
871 89.5306
872 89.5967
873 89.6649
874 89.7354
875 89.8079
876 89.8826
877 89.9593
878 90.0379
879 90.1185
880 90.201
881 90.2853
882 90.3714
883 90.4592
884 90.5487
885 90.6398
886 90.7325
887 90.8267
888 90.9224
889 91.0194
890 91.1178
891 91.2175
892 91.3185
893 91.4206
894 91.5238
895 91.6281
896 91.7334
897 91.8396
898 91.9467
899 92.0546
900 92.1633
901 92.2726
902 92.3826
903 92.4933
904 92.6045
905 92.7162
906 92.8285
907 92.9411
908 93.0542
909 93.1677
910 93.2814
911 93.3955
912 93.5098
913 93.6242
914 93.7388
915 93.8536
916 93.9683
917 94.0831
918 94.1979
919 94.3126
920 94.4271
921 94.5415
922 94.6556
923 94.7695
924 94.8831
925 94.9963
926 95.109
927 95.2213
928 95.3331
929 95.4444
930 95.555
931 95.6649
932 95.7741
933 95.8826
934 95.9902
935 96.0969
936 96.2027
937 96.3076
938 96.4113
939 96.514
940 96.6156
941 96.7159
942 96.815
943 96.9127
944 97.0091
945 97.1041
946 97.1975
947 97.2895
948 97.3798
949 97.4684
950 97.5553
951 97.6405
952 97.7238
953 97.8054
954 97.8851
955 97.9629
956 98.0389
957 98.113
958 98.1851
959 98.2554
960 98.3237
961 98.3901
962 98.4545
963 98.5169
964 98.5773
965 98.6356
966 98.692
967 98.7462
968 98.7984
969 98.8485
970 98.8964
971 98.9422
972 98.9859
973 99.0274
974 99.0666
975 99.1037
976 99.1386
977 99.1712
978 99.2015
979 99.2295
980 99.2553
981 99.2787
982 99.2997
983 99.3184
984 99.3347
985 99.3487
986 99.3601
987 99.3692
988 99.3758
989 99.3799
990 99.3814
991 99.3805
992 99.377
993 99.371
994 99.3624
995 99.3512
996 99.3373
997 99.3208
998 99.3016
999 99.2798
1000 99.2552
1001 99.228
1002 99.198
1003 99.1653
1004 99.13
1005 99.092
1006 99.0514
1007 99.0082
1008 98.9624
1009 98.914
1010 98.8631
1011 98.8097
1012 98.7538
1013 98.6954
1014 98.6346
1015 98.5714
1016 98.5057
1017 98.4377
1018 98.3674
1019 98.2947
1020 98.2197
1021 98.1424
1022 98.0629
1023 97.9811
1024 97.8972
1025 97.8111
1026 97.7228
1027 97.6324
1028 97.5399
1029 97.4454
1030 97.3488
1031 97.2502
1032 97.1496
1033 97.047
1034 96.9426
1035 96.8362
1036 96.7279
1037 96.6178
1038 96.5059
1039 96.3922
1040 96.2768
1041 96.1596
1042 96.0408
1043 95.9203
1044 95.7981
1045 95.6744
1046 95.5491
1047 95.4222
1048 95.2939
1049 95.1641
1050 95.0328
1051 94.9002
1052 94.7661
1053 94.6308
1054 94.4942
1055 94.3564
1056 94.2174
1057 94.0773
1058 93.9362
1059 93.794
1060 93.6508
1061 93.5068
1062 93.3618
1063 93.2161
1064 93.0695
1065 92.9223
1066 92.7744
1067 92.6259
1068 92.4768
1069 92.3272
1070 92.1772
1071 92.0268
1072 91.876
1073 91.725
1074 91.5737
1075 91.4223
1076 91.2707
1077 91.119
1078 90.9674
1079 90.8158
1080 90.6643
1081 90.513
1082 90.3619
1083 90.2111
1084 90.0607
1085 89.9106
1086 89.7611
1087 89.612
1088 89.4635
1089 89.3157
1090 89.1686
1091 89.0223
1092 88.8768
1093 88.7322
1094 88.5885
1095 88.4459
1096 88.3044
1097 88.164
1098 88.0248
1099 87.887
1100 87.7505
1101 87.6154
1102 87.4817
1103 87.3496
1104 87.2189
1105 87.0898
1106 86.9622
1107 86.8363
1108 86.712
1109 86.5893
1110 86.4683
1111 86.3491
1112 86.2316
1113 86.1159
1114 86.0021
1115 85.89
1116 85.7799
1117 85.6717
1118 85.5654
1119 85.4611
1120 85.3588
1121 85.2586
1122 85.1604
1123 85.0644
1124 84.9705
1125 84.8788
1126 84.7892
1127 84.702
1128 84.617
1129 84.5343
1130 84.454
1131 84.3761
1132 84.3006
1133 84.2275
1134 84.157
1135 84.0889
1136 84.0234
1137 83.9605
1138 83.9003
1139 83.8427
1140 83.7878
1141 83.7357
1142 83.6863
1143 83.6397
1144 83.596
1145 83.5552
1146 83.5173
1147 83.4823
1148 83.4504
1149 83.4214
1150 83.3956
1151 83.3728
1152 83.3532
1153 83.3366
1154 83.323
1155 83.3125
1156 83.3049
1157 83.3003
1158 83.2987
1159 83.2999
1160 83.3041
1161 83.3111
1162 83.3209
1163 83.3336
1164 83.349
1165 83.3672
1166 83.3881
1167 83.4117
1168 83.438
1169 83.4669
1170 83.4984
1171 83.5325
1172 83.5692
1173 83.6084
1174 83.6501
1175 83.6943
1176 83.7409
1177 83.7899
1178 83.8413
1179 83.895
1180 83.9511
1181 84.0094
1182 84.07
1183 84.1328
1184 84.1977
1185 84.2649
1186 84.3341
1187 84.4055
1188 84.4789
1189 84.5543
1190 84.6317
1191 84.7111
1192 84.7923
1193 84.8755
1194 84.9605
1195 85.0473
1196 85.1359
1197 85.2263
1198 85.3183
1199 85.412
1200 85.5074
1201 85.6043
1202 85.7028
1203 85.8028
1204 85.9041
1205 86.0069
1206 86.111
1207 86.2164
1208 86.3229
1209 86.4307
1210 86.5395
1211 86.6493
1212 86.7602
1213 86.8719
1214 86.9845
1215 87.098
1216 87.2121
1217 87.327
1218 87.4425
1219 87.5585
1220 87.6751
1221 87.7921
1222 87.9095
1223 88.0272
1224 88.1451
1225 88.2632
1226 88.3815
1227 88.4998
1228 88.6182
1229 88.7365
1230 88.8546
1231 88.9725
1232 89.0902
1233 89.2076
1234 89.3245
1235 89.441
1236 89.557
1237 89.6724
1238 89.7871
1239 89.9011
1240 90.0142
1241 90.1265
1242 90.2379
1243 90.3482
1244 90.4574
1245 90.5655
1246 90.6724
1247 90.7779
1248 90.8821
1249 90.9848
1250 91.086
1251 91.1856
1252 91.2836
1253 91.3799
1254 91.4745
1255 91.5673
1256 91.6583
1257 91.7475
1258 91.8348
1259 91.9202
1260 92.0037
1261 92.0851
1262 92.1645
1263 92.2419
1264 92.3171
1265 92.3901
1266 92.461
1267 92.5296
1268 92.5959
1269 92.6598
1270 92.7214
1271 92.7806
1272 92.8373
1273 92.8916
1274 92.9432
1275 92.9923
1276 93.0388
1277 93.0825
1278 93.1235
1279 93.1618
1280 93.1973
1281 93.2298
1282 93.2595
1283 93.2863
1284 93.31
1285 93.3307
1286 93.3483
1287 93.3627
1288 93.374
1289 93.3821
1290 93.3868
1291 93.3883
1292 93.3863
1293 93.381
1294 93.3722
1295 93.3598
1296 93.3439
1297 93.3244
1298 93.3012
1299 93.2743
1300 93.2436
1301 93.2092
1302 93.1709
1303 93.1288
1304 93.083
1305 93.0334
1306 92.98
1307 92.9229
1308 92.8621
1309 92.7975
1310 92.7293
1311 92.6573
1312 92.5817
1313 92.5024
1314 92.4194
1315 92.3328
1316 92.2425
1317 92.1487
1318 92.0512
1319 91.9502
1320 91.8456
1321 91.7374
1322 91.6256
1323 91.5104
1324 91.3916
1325 91.2693
1326 91.1436
1327 91.0143
1328 90.8816
1329 90.7455
1330 90.6059
1331 90.4629
1332 90.3165
1333 90.1668
1334 90.0136
1335 89.8572
1336 89.6974
1337 89.5342
1338 89.3678
1339 89.1981
1340 89.0251
1341 88.8489
1342 88.6695
1343 88.4868
1344 88.301
1345 88.1119
1346 87.9197
1347 87.7244
1348 87.5259
1349 87.3244
1350 87.1197
1351 86.912
1352 86.7013
1353 86.4876
1354 86.2711
1355 86.0517
1356 85.8296
1357 85.6048
1358 85.3774
1359 85.1474
1360 84.9149
1361 84.6799
1362 84.4426
1363 84.2031
1364 83.9612
1365 83.7172
1366 83.4712
1367 83.223
1368 82.973
1369 82.721
1370 82.4672
1371 82.2116
1372 81.9544
1373 81.6956
1374 81.4352
1375 81.1733
1376 80.9101
1377 80.6455
1378 80.3797
1379 80.1127
1380 79.8446
1381 79.5754
1382 79.3053
1383 79.0343
1384 78.7625
1385 78.49
1386 78.2168
1387 77.9431
1388 77.6688
1389 77.3941
1390 77.1191
1391 76.8438
1392 76.5684
1393 76.2928
1394 76.0172
1395 75.7416
1396 75.4662
1397 75.191
1398 74.916
1399 74.6415
1400 74.3674
1401 74.0939
1402 73.8209
1403 73.5486
1404 73.277
1405 73.0061
1406 72.736
1407 72.4668
1408 72.1984
1409 71.931
1410 71.6645
1411 71.3991
1412 71.1348
1413 70.8716
1414 70.6096
1415 70.3489
1416 70.0894
1417 69.8313
1418 69.5746
1419 69.3194
1420 69.0656
1421 68.8134
1422 68.5628
1423 68.3139
1424 68.0667
1425 67.8213
1426 67.5777
1427 67.336
1428 67.0962
1429 66.8584
1430 66.6227
1431 66.389
1432 66.1575
1433 65.9283
1434 65.7013
1435 65.4766
1436 65.2544
1437 65.0345
1438 64.8172
1439 64.6024
1440 64.3903
1441 64.1808
1442 63.974
1443 63.7701
1444 63.569
1445 63.3708
1446 63.1756
1447 62.9834
1448 62.7943
1449 62.6084
1450 62.4257
1451 62.2462
1452 62.07
1453 61.8971
1454 61.7274
1455 61.5609
1456 61.3976
1457 61.2375
1458 61.0807
1459 60.9269
1460 60.7764
1461 60.629
1462 60.4847
1463 60.3435
1464 60.2054
1465 60.0704
1466 59.9385
1467 59.8096
1468 59.6838
1469 59.561
1470 59.4413
1471 59.3245
1472 59.2107
1473 59.0999
1474 58.992
1475 58.887
1476 58.785
1477 58.6859
1478 58.5896
1479 58.4963
1480 58.4058
1481 58.3181
1482 58.2332
1483 58.1512
1484 58.0719
1485 57.9954
1486 57.9217
1487 57.8507
1488 57.7824
1489 57.7168
1490 57.6539
1491 57.5936
1492 57.536
1493 57.481
1494 57.4287
1495 57.3789
1496 57.3317
1497 57.287
1498 57.2449
1499 57.2053
1500 57.1682
1501 57.1336
1502 57.1013
1503 57.0715
1504 57.044
1505 57.0188
1506 56.9958
1507 56.975
1508 56.9564
1509 56.9398
1510 56.9253
1511 56.9128
1512 56.9022
1513 56.8935
1514 56.8867
1515 56.8817
1516 56.8783
1517 56.8767
1518 56.8767
1519 56.8783
1520 56.8815
1521 56.8861
1522 56.8921
1523 56.8995
1524 56.9083
1525 56.9183
1526 56.9295
1527 56.9419
1528 56.9553
1529 56.9699
1530 56.9854
1531 57.0018
1532 57.0192
1533 57.0374
1534 57.0563
1535 57.0759
1536 57.0962
1537 57.1171
1538 57.1386
1539 57.1605
1540 57.1828
1541 57.2055
1542 57.2286
1543 57.2518
1544 57.2753
1545 57.2988
1546 57.3225
1547 57.3461
1548 57.3697
1549 57.3932
1550 57.4165
1551 57.4395
1552 57.4623
1553 57.4848
1554 57.5069
1555 57.5286
1556 57.5499
1557 57.5708
1558 57.5911
1559 57.6109
1560 57.6302
1561 57.6488
1562 57.6667
1563 57.684
1564 57.7005
1565 57.7163
1566 57.7313
1567 57.7454
1568 57.7586
1569 57.7709
1570 57.7822
1571 57.7925
1572 57.8018
1573 57.81
1574 57.817
1575 57.8229
1576 57.8275
1577 57.8309
1578 57.833
1579 57.8338
1580 57.8332
1581 57.8311
1582 57.8276
1583 57.8226
1584 57.8161
1585 57.8079
1586 57.7981
1587 57.7867
1588 57.7735
1589 57.7585
1590 57.7418
1591 57.7231
1592 57.7026
1593 57.6801
1594 57.6557
1595 57.6292
1596 57.6006
1597 57.5699
1598 57.5371
1599 57.502
1600 57.4647
1601 57.425
1602 57.3831
1603 57.3389
1604 57.2924
1605 57.2436
1606 57.1926
1607 57.1393
1608 57.0837
1609 57.026
1610 56.966
1611 56.9038
1612 56.8394
1613 56.7728
1614 56.704
1615 56.633
1616 56.5599
1617 56.4846
1618 56.4072
1619 56.3276
1620 56.2459
1621 56.1621
1622 56.0763
1623 55.9883
1624 55.8982
1625 55.8061
1626 55.7119
1627 55.6156
1628 55.5173
1629 55.417
1630 55.3147
1631 55.2104
1632 55.104
1633 54.9957
1634 54.8854
1635 54.7732
1636 54.659
1637 54.5429
1638 54.4249
1639 54.3049
1640 54.1831
1641 54.0594
1642 53.9337
1643 53.8063
1644 53.6769
1645 53.5458
1646 53.4128
1647 53.278
1648 53.1414
1649 53.003
1650 52.8629
1651 52.7209
1652 52.5773
1653 52.432
1654 52.2851
1655 52.1366
1656 51.9866
1657 51.8352
1658 51.6823
1659 51.528
1660 51.3725
1661 51.2156
1662 51.0576
1663 50.8984
1664 50.7381
1665 50.5767
1666 50.4143
1667 50.251
1668 50.0867
1669 49.9217
1670 49.7558
1671 49.5891
1672 49.4218
1673 49.2539
1674 49.0854
1675 48.9163
1676 48.7468
1677 48.5768
1678 48.4065
1679 48.2359
1680 48.0651
1681 47.894
1682 47.7228
1683 47.5516
1684 47.3803
1685 47.209
1686 47.0378
1687 46.8668
1688 46.696
1689 46.5255
1690 46.3552
1691 46.1854
1692 46.016
1693 45.8471
1694 45.6788
1695 45.511
1696 45.344
1697 45.1777
1698 45.0122
1699 44.8476
1700 44.6839
1701 44.5211
1702 44.3594
1703 44.1987
1704 44.0391
1705 43.8806
1706 43.7232
1707 43.5669
1708 43.4118
1709 43.2579
1710 43.1053
1711 42.9539
1712 42.8037
1713 42.6549
1714 42.5074
1715 42.3613
1716 42.2166
1717 42.0733
1718 41.9315
1719 41.7911
1720 41.6522
1721 41.5149
1722 41.3791
1723 41.245
1724 41.1124
1725 40.9815
1726 40.8523
1727 40.7248
1728 40.599
1729 40.475
1730 40.3528
1731 40.2324
1732 40.1139
1733 39.9973
1734 39.8826
1735 39.7698
1736 39.659
1737 39.5502
1738 39.4435
1739 39.3388
1740 39.2362
1741 39.1358
1742 39.0375
1743 38.9414
1744 38.8475
1745 38.7559
1746 38.6666
1747 38.5796
1748 38.4949
1749 38.4126
1750 38.3328
1751 38.2553
1752 38.1803
1753 38.1077
1754 38.0375
1755 37.9697
1756 37.9042
1757 37.8411
1758 37.7802
1759 37.7217
1760 37.6654
1761 37.6114
1762 37.5596
1763 37.5101
1764 37.4627
1765 37.4175
1766 37.3745
1767 37.3336
1768 37.2949
1769 37.2582
1770 37.2236
1771 37.191
1772 37.1605
1773 37.132
1774 37.1055
1775 37.081
1776 37.0584
1777 37.0378
1778 37.019
1779 37.0022
1780 36.9872
1781 36.974
1782 36.9627
1783 36.9531
1784 36.9454
1785 36.9394
1786 36.9351
1787 36.9326
1788 36.9317
1789 36.9325
1790 36.9349
1791 36.939
1792 36.9446
1793 36.9518
1794 36.9606
1795 36.9709
1796 36.9827
1797 36.9959
1798 37.0106
1799 37.0268
1800 37.0444
1801 37.0633
1802 37.0836
1803 37.1051
1804 37.128
1805 37.1521
1806 37.1773
1807 37.2037
1808 37.2312
1809 37.2598
1810 37.2894
1811 37.32
1812 37.3515
1813 37.384
1814 37.4173
1815 37.4514
1816 37.4863
1817 37.522
1818 37.5583
1819 37.5953
1820 37.6329
1821 37.6711
1822 37.7098
1823 37.749
1824 37.7887
1825 37.8287
1826 37.8691
1827 37.9098
1828 37.9508
1829 37.992
1830 38.0334
1831 38.0749
1832 38.1165
1833 38.1582
1834 38.1999
1835 38.2415
1836 38.2831
1837 38.3245
1838 38.3657
1839 38.4067
1840 38.4475
1841 38.4879
1842 38.528
1843 38.5677
1844 38.6069
1845 38.6456
1846 38.6837
1847 38.7213
1848 38.7582
1849 38.7944
1850 38.8299
1851 38.8646
1852 38.8985
1853 38.9315
1854 38.9637
1855 38.9949
1856 39.0253
1857 39.0547
1858 39.0831
1859 39.1105
1860 39.1369
1861 39.1623
1862 39.1865
1863 39.2096
1864 39.2316
1865 39.2524
1866 39.272
1867 39.2904
1868 39.3075
1869 39.3234
1870 39.3379
1871 39.3511
1872 39.3629
1873 39.3733
1874 39.3823
1875 39.3898
1876 39.3959
1877 39.4004
1878 39.4034
1879 39.4048
1880 39.4046
1881 39.4028
1882 39.3992
1883 39.3941
1884 39.3871
1885 39.3785
1886 39.368
1887 39.3557
1888 39.3416
1889 39.3256
1890 39.3077
1891 39.2878
1892 39.266
1893 39.2422
1894 39.2163
1895 39.1884
1896 39.1584
1897 39.1262
1898 39.0919
1899 39.0554
1900 39.0167
1901 38.9758
1902 38.9326
1903 38.8871
1904 38.8395
1905 38.7898
1906 38.7378
1907 38.6838
1908 38.6276
1909 38.5694
1910 38.5091
1911 38.4467
1912 38.3823
1913 38.316
1914 38.2476
1915 38.1773
1916 38.105
1917 38.0309
1918 37.9548
1919 37.8769
1920 37.7972
1921 37.7156
1922 37.6322
1923 37.5471
1924 37.4602
1925 37.3716
1926 37.2812
1927 37.1892
1928 37.0955
1929 37.0002
1930 36.9033
1931 36.8048
1932 36.7047
1933 36.6031
1934 36.5
1935 36.3954
1936 36.2893
1937 36.1818
1938 36.0729
1939 35.9625
1940 35.8508
1941 35.7378
1942 35.6234
1943 35.5078
1944 35.3909
1945 35.2727
1946 35.1534
1947 35.0328
1948 34.9111
1949 34.7882
1950 34.6642
1951 34.5392
1952 34.413
1953 34.2858
1954 34.1576
1955 34.0283
1956 33.898
1957 33.7667
1958 33.6344
1959 33.5012
1960 33.3669
1961 33.2317
1962 33.0956
1963 32.9585
1964 32.8205
1965 32.6817
1966 32.5419
1967 32.4013
1968 32.2598
1969 32.1174
1970 31.9743
1971 31.8303
1972 31.6855
1973 31.5399
1974 31.3936
1975 31.2465
1976 31.0986
1977 30.9501
1978 30.8008
1979 30.6508
1980 30.5001
1981 30.3487
1982 30.1967
1983 30.0441
1984 29.8908
1985 29.7369
1986 29.5824
1987 29.4274
1988 29.2717
1989 29.1155
1990 28.9588
1991 28.8016
1992 28.6438
1993 28.4856
1994 28.3269
1995 28.1677
1996 28.0081
1997 27.848
1998 27.6876
1999 27.5267
2000 27.3655
